35:20,29,-2,0,0,0,3,2,1,0,25,0,0,0
74:0,0,0,0,0,4,5,3,0,0,0,0,0,0
75:0,0,0,0,0,9,11,10,0,0,0,0,0,0
78:0,0,0,0,0,0,0,0,0,0,0,16,0,0
86:0,0,0,0,0,0,0,0,0,0,0,0,0,0
87:0,0,0,0,0,0,0,0,0,0,0,0,0,0
88:0,0,0,0,0,0,1,1,0,0,0,0,0,0
89:0,0,0,0,0,0,1,1,0,0,0,0,0,0
272:0,0,0,0,0,0,0,0,0,0,0,0,0,0
278:4,2,-4,1,0,0,0,0,1,0,3,0,0,0
284:0,0,0,0,0,0,0,0,0,0,0,0,0,0
285:0,0,0,0,0,0,0,0,0,0,0,0,0,0
286:0,0,0,0,0,0,0,0,0,0,0,0,0,0
287:0,0,0,0,0,0,0,0,0,0,0,0,0,0
288:0,0,0,0,0,0,0,0,0,0,0,0,0,0
295:0,0,0,0,0,0,0,0,0,0,0,0,0,0
411:0,0,0,0,0,0,0,0,0,0,0,0,0,0
413:0,0,0,0,0,0,0,0,0,0,0,0,0,0
421:0,0,0,0,0,0,0,0,0,0,0,0,0,0
426:0,0,0,0,0,0,0,0,0,0,0,0,0,3
428:0,0,0,0,0,0,0,0,0,0,0,0,0,3
430:0,0,0,0,0,0,0,0,0,0,0,0,0,0
466:0,0,0,0,0,0,0,0,0,0,0,0,0,0
468:0,0,0,0,0,0,0,0,0,0,0,0,0,0
470:0,0,0,0,0,0,0,0,0,0,0,0,0,0
472:0,0,0,0,0,0,0,0,0,0,0,0,0,0
474:0,0,0,0,0,0,0,0,0,0,0,0,0,0
476:0,0,0,0,0,0,0,0,0,0,0,0,0,0
478:0,0,0,0,0,0,0,0,0,0,0,0,0,0
492:0,0,0,0,0,0,0,0,0,0,0,0,0,0
494:0,0,0,0,0,0,0,0,0,0,0,0,0,0
496:0,0,0,0,0,0,0,0,0,0,0,0,0,0
498:0,0,0,0,0,0,0,0,0,0,0,0,0,0
500:0,0,0,0,0,0,0,0,0,0,0,0,0,0
502:0,0,0,0,0,0,0,0,0,0,0,0,0,0
504:0,0,0,0,0,0,0,0,0,0,0,0,0,0
506:0,0,0,0,0,0,0,0,0,0,0,0,0,0
538:0,0,0,0,0,0,0,0,0,0,0,0,0,4
540:0,0,0,0,0,0,0,0,0,0,0,0,0,4
542:0,0,0,0,0,0,0,0,0,0,0,0,0,5
544:0,0,0,0,0,0,0,0,0,0,0,0,0,6
546:0,0,0,0,0,0,0,0,0,0,0,0,0,5
548:0,0,0,0,0,0,0,0,0,0,0,0,0,4
552:0,0,0,0,0,0,0,0,0,0,0,0,0,0
577:0,0,0,3,0,0,0,0,3,0,0,0,0,0
579:0,0,0,2,0,0,0,0,2,0,0,0,0,0
581:0,0,0,3,0,0,0,0,3,0,0,0,0,0
589:0,0,0,0,0,13,13,13,0,0,0,0,0,0
598:0,0,0,0,0,0,0,0,0,0,0,7,0,0
616:1,1,1,1,1,1,1,1,1,1,1,0,0,1
626:0,0,0,0,0,0,1,1,0,0,0,0,0,0
628:0,0,0,0,0,0,1,1,0,0,0,0,0,0
630:0,0,0,0,0,0,1,1,0,0,0,0,0,0
632:0,0,0,0,0,0,1,1,0,0,0,0,0,0
634:0,0,0,0,0,0,1,1,0,0,0,0,0,0
636:0,0,0,0,0,0,2,2,0,0,0,0,0,0
638:0,0,0,0,0,0,2,2,0,0,0,0,0,0
640:0,0,0,0,0,0,2,2,0,0,0,0,0,0
642:0,0,0,0,0,0,2,2,0,0,0,0,0,0
644:0,0,0,0,0,0,2,2,0,0,0,0,0,0
646:0,0,0,0,0,0,2,2,0,0,0,0,0,0
648:0,0,0,0,0,0,2,2,0,0,0,0,0,0
650:0,0,0,0,0,0,2,2,0,0,0,0,0,0
652:0,0,0,0,0,0,2,2,0,0,0,0,0,0
654:0,0,0,0,0,0,2,2,0,0,0,0,0,0
656:0,0,0,3,0,0,0,0,3,0,0,0,0,0
658:0,0,0,3,0,0,0,0,3,0,0,0,0,0
660:0,0,0,3,0,0,0,0,3,0,0,0,0,0
662:0,0,0,3,0,0,0,0,3,0,0,0,0,0
664:0,0,0,3,0,0,0,0,3,0,0,0,0,0
667:9,14,-2,0,0,0,3,2,0,0,10,0,0,0
675:0,0,0,0,0,0,0,0,0,0,0,0,0,0
732:0,0,0,0,6,0,0,0,0,0,0,12,0,0
740:0,0,0,2,0,0,0,0,2,0,0,0,0,0
746:5,3,-4,1,0,0,0,0,1,0,0,0,0,0
747:5,3,-4,1,0,0,0,0,1,0,0,0,0,0
751:0,0,0,0,0,0,0,0,0,0,0,0,0,0
767:0,0,0,0,6,0,0,0,0,0,0,0,0,0
772:-1,-1,10,10,0,2,3,1,10,0,10,0,0,0
773:0,0,0,0,0,0,0,0,0,0,0,0,0,0
774:0,0,0,0,0,0,0,0,0,0,0,0,0,0
775:2,2,2,0,0,8,9,7,0,0,2,0,0,0
776:2,2,2,0,0,8,9,7,0,0,2,0,0,0
777:2,2,2,0,0,8,9,7,0,0,2,0,0,0
778:2,2,2,0,0,8,9,7,0,0,2,0,0,0
800:0,0,0,0,4,0,0,0,0,0,0,5,0,0
801:0,0,0,0,5,0,0,0,0,0,0,7,0,0
802:0,0,0,0,8,0,0,0,0,0,0,11,0,0
803:0,0,0,0,12,0,0,0,0,0,0,16,0,0
804:0,0,0,0,17,0,0,0,0,0,0,23,0,0
805:0,0,0,0,26,0,0,0,0,0,0,36,0,0
806:0,0,0,0,3,0,0,0,0,0,0,1,0,0
807:0,0,0,0,4,0,0,0,0,0,0,3,0,0
808:0,0,0,0,5,0,0,0,0,0,0,4,0,0
809:0,0,0,0,8,0,0,0,0,0,0,7,0,0
810:0,0,0,0,11,0,0,0,0,0,0,10,0,0
811:0,0,0,0,15,0,0,0,0,0,0,14,0,0
812:0,0,0,0,3,0,0,0,0,0,0,1,0,0
813:0,0,0,0,4,0,0,0,0,0,0,3,0,0
814:0,0,0,0,5,0,0,0,0,0,0,4,0,0
815:0,0,0,0,8,0,0,0,0,0,0,7,0,0
816:0,0,0,0,11,0,0,0,0,0,0,10,0,0
817:0,0,0,0,15,0,0,0,0,0,0,14,0,0
818:0,0,0,0,0,0,0,0,0,0,0,0,0,0
825:0,0,0,0,5,0,0,0,0,0,0,6,0,0
826:0,0,0,0,8,0,0,0,0,0,0,10,0,0
827:0,0,0,0,12,0,0,0,0,0,0,12,0,0
828:0,0,0,0,17,0,0,0,0,0,0,18,0,0
829:0,0,0,0,24,0,0,0,0,0,0,28,0,0
830:0,0,0,0,38,0,0,0,0,0,0,42,0,0
831:0,0,0,0,5,0,0,0,0,0,0,6,0,0
832:0,0,0,0,8,0,0,0,0,0,0,10,0,0
833:0,0,0,0,12,0,0,0,0,0,0,12,0,0
834:0,0,0,0,17,0,0,0,0,0,0,18,0,0
835:0,0,0,0,24,0,0,0,0,0,0,28,0,0
836:0,0,0,0,38,0,0,0,0,0,0,42,0,0
837:0,0,0,0,6,0,0,0,0,0,0,0,0,0
839:0,0,0,0,8,0,0,0,0,0,0,0,0,0
841:0,0,0,0,8,0,0,0,0,0,0,0,0,0
843:0,0,0,0,14,0,0,0,0,0,0,0,0,0
845:0,0,0,0,14,0,0,0,0,0,0,0,0,0
847:0,0,0,0,20,0,0,0,0,0,0,0,0,0
849:0,0,0,0,20,0,0,0,0,0,0,0,0,0
851:0,0,0,0,29,0,0,0,0,0,0,0,0,0
853:0,0,0,0,29,0,0,0,0,0,0,0,0,0
855:0,0,0,0,47,0,0,0,0,0,0,0,0,0
857:0,0,0,0,47,0,0,0,0,0,0,0,0,0
859:0,0,0,0,69,0,0,0,0,0,0,0,0,0
861:0,0,0,0,69,0,0,0,0,0,0,0,0,0
863:0,0,0,0,5,0,0,0,0,0,0,4,0,0
864:0,0,0,0,4,0,0,0,0,0,0,3,0,0
865:0,0,0,0,8,0,0,0,0,0,0,7,0,0
866:0,0,0,0,11,0,0,0,0,0,0,10,0,0
867:0,0,0,0,15,0,0,0,0,0,0,14,0,0
868:0,0,0,0,25,0,0,0,0,0,0,24,0,0
869:0,0,0,0,10,0,0,0,0,0,0,8,0,0
870:0,0,0,0,4,0,0,0,0,0,0,3,0,0
871:0,0,0,0,5,0,0,0,0,0,0,4,0,0
872:0,0,0,0,8,0,0,0,0,0,0,7,0,0
873:0,0,0,0,11,0,0,0,0,0,0,10,0,0
874:0,0,0,0,10,0,0,0,0,0,0,8,0,0
875:0,0,0,0,15,0,0,0,0,0,0,14,0,0
876:0,0,0,0,25,0,0,0,0,0,0,24,0,0
877:0,0,0,0,0,0,0,0,0,0,0,10,0,0
878:0,0,0,0,0,0,0,0,0,0,0,10,0,0
879:0,0,0,0,0,0,0,0,0,0,0,14,0,0
880:0,0,0,0,0,0,0,0,0,0,0,48,0,0
881:0,0,0,0,0,0,0,0,0,0,0,12,0,0
882:0,0,0,0,0,0,0,0,0,0,0,7,0,0
883:0,0,0,0,0,0,0,0,0,0,0,7,0,0
884:0,0,0,0,0,0,0,0,0,0,0,10,0,0
885:0,0,0,0,0,0,0,0,0,0,0,10,0,0
886:0,0,0,0,0,0,0,0,0,0,0,16,0,0
887:0,0,0,0,0,0,0,0,0,0,0,16,0,0
888:0,0,0,0,0,0,0,0,0,0,0,22,0,0
889:0,0,0,0,0,0,0,0,0,0,0,22,0,0
890:0,0,0,0,0,0,0,0,0,0,0,31,0,0
891:0,0,0,0,0,0,0,0,0,0,0,31,0,0
892:0,0,0,0,0,0,0,0,0,0,0,49,0,0
893:0,0,0,0,0,0,0,0,0,0,0,49,0,0
942:0,0,0,0,0,0,0,0,0,0,0,7,0,0
945:0,0,0,0,0,0,0,0,0,0,0,0,0,0
975:0,6,-2,0,0,0,0,0,0,0,5,0,0,0
1005:0,0,0,0,0,0,0,0,0,0,0,0,0,0
1007:0,0,0,0,0,0,1,1,0,2,0,0,0,0
1009:0,0,0,0,0,0,0,0,0,0,0,0,0,0
1011:0,0,0,1,0,0,0,0,1,0,0,0,0,0
1013:0,0,0,1,0,0,0,0,1,0,0,0,0,0
1015:0,0,0,1,0,0,0,0,1,0,0,0,0,0
1017:0,0,0,2,0,0,0,0,2,0,0,0,0,0
1019:0,0,0,0,0,0,1,1,0,2,0,0,0,0
1021:0,0,0,0,0,0,1,1,0,2,0,0,0,0
1023:0,0,0,0,0,0,1,1,0,2,0,0,0,0
1025:0,0,0,0,0,0,0,0,0,0,0,0,0,0
1027:0,0,0,0,0,0,1,1,0,2,0,0,0,0
1029:0,0,0,0,0,0,1,1,0,2,0,0,0,0
1031:0,0,0,0,0,0,1,1,0,2,0,0,0,0
1033:0,0,0,2,0,0,0,0,3,0,0,0,0,3
1035:0,0,0,2,0,0,0,0,3,0,0,0,0,3
1037:0,0,0,0,0,0,0,0,0,0,0,0,0,0
1038:0,0,0,0,0,0,0,0,0,0,0,0,0,0
1040:0,0,0,0,0,0,0,0,0,0,0,0,0,0
1042:0,0,0,0,0,0,0,0,0,0,0,0,0,0
1044:0,0,0,0,0,0,0,0,0,0,0,0,0,0
1046:0,0,0,0,0,0,0,0,0,0,0,0,0,0
1048:0,0,0,0,0,0,0,0,0,0,0,0,0,0
1050:0,0,0,0,0,0,0,0,0,0,0,0,0,0
1052:0,0,0,0,0,7,7,7,7,7,0,0,0,0
1053:0,0,0,0,0,0,0,0,0,0,0,0,0,0
1055:0,0,0,0,0,0,0,0,0,0,0,0,0,0
1057:0,0,0,0,0,0,0,0,0,0,0,0,0,0
1059:0,0,0,0,0,0,1,2,0,0,0,0,0,0
1061:0,0,0,0,0,0,1,1,0,0,0,0,0,0
1063:0,0,0,0,4,2,2,1,0,0,0,0,0,0
1065:0,0,0,-10,8,3,2,4,2,0,0,0,0,0
1067:0,0,0,-21,-7,11,10,10,-4,10,0,0,0,0
1069:0,0,0,-21,-7,17,16,15,-4,16,0,0,0,0
1071:0,0,0,-21,-7,24,22,20,-4,22,0,0,0,0
1073:0,0,0,-21,-7,33,31,29,-4,31,0,0,0,0
1075:0,0,0,-21,-7,8,7,6,-4,7,0,0,0,0
1077:0,0,0,-21,-7,21,20,19,-4,20,0,0,0,0
1079:0,0,0,-21,-7,51,49,47,-4,49,0,0,0,0
1081:0,0,0,-21,-7,11,10,10,-4,10,0,0,0,0
1083:0,0,0,-21,-7,17,16,15,-4,16,0,0,0,0
1085:0,0,0,-21,-7,24,22,20,-4,22,0,0,0,0
1087:0,0,0,-21,-7,8,7,6,-4,7,0,0,0,0
1089:0,0,0,-21,-7,21,20,19,-4,20,0,0,0,0
1091:0,0,0,-21,-7,33,31,29,-4,31,0,0,0,0
1093:0,0,0,-21,-7,51,49,47,-4,49,0,0,0,0
1095:0,0,0,0,4,2,2,1,0,0,0,0,0,0
1097:0,0,0,-5,6,15,16,17,6,16,0,0,0,0
1099:0,0,0,-10,8,22,16,24,8,22,0,0,0,0
1101:0,0,0,-15,0,10,15,19,-3,12,0,0,0,0
1103:0,0,0,-15,0,7,11,13,-3,9,0,0,0,0
1105:0,0,0,-15,0,17,25,30,-3,19,0,0,0,0
1107:0,0,0,-15,0,22,32,39,-3,24,0,0,0,0
1109:0,0,0,-15,0,25,35,42,-3,27,0,0,0,0
1111:0,0,0,-15,0,36,50,61,-3,38,0,0,0,0
1113:0,0,0,-15,0,63,72,78,-3,65,0,0,0,0
1115:0,0,0,-30,-10,21,20,12,-6,20,0,0,0,0
1117:0,0,0,-30,-10,15,14,9,-6,14,0,0,0,0
1119:0,0,0,-30,-10,32,31,24,-6,31,0,0,0,0
1121:0,0,0,-30,-10,46,44,38,-6,44,0,0,0,0
1123:0,0,0,-30,-10,65,63,55,-6,63,0,0,0,0
1125:0,0,0,-30,-10,41,40,30,-6,40,0,0,0,0
1127:0,0,0,-30,-10,82,80,72,-6,80,0,0,0,0
1129:0,0,0,-2,2,8,9,10,4,9,0,0,0,0
1131:0,0,0,-4,8,12,15,18,6,15,0,0,0,0
1133:0,0,0,-4,8,18,25,22,8,25,0,0,0,0
1135:0,0,0,-15,15,40,32,45,20,40,0,0,0,0
1137:0,0,0,-3,-1,4,5,3,-1,4,0,0,0,0
1139:0,0,0,-3,-1,3,4,2,-1,3,0,0,0,0
1141:0,0,0,-3,-1,7,8,6,-1,7,0,0,0,0
1143:0,0,0,-3,-1,10,11,9,-1,10,0,0,0,0
1145:0,0,0,-3,-1,14,15,13,-1,14,0,0,0,0
1147:0,0,0,-3,-1,22,23,21,-1,22,0,0,0,0
1149:0,0,0,-3,-1,33,35,32,-1,34,0,0,0,0
1151:0,0,0,-3,-1,9,10,8,-1,9,0,0,0,0
1153:0,0,0,-6,-2,6,7,5,-1,6,0,0,0,0
1155:0,0,0,-6,-2,4,5,3,-1,4,0,0,0,0
1157:0,0,0,-6,-2,9,10,7,-1,9,0,0,0,0
1159:0,0,0,-6,-2,13,14,11,-1,13,0,0,0,0
1161:0,0,0,-6,-2,19,21,16,-1,19,0,0,0,0
1163:0,0,0,-6,-2,30,32,27,-1,30,0,0,0,0
1165:0,0,0,-6,-2,12,13,10,-1,12,0,0,0,0
1167:0,0,0,0,1,2,3,4,2,3,0,0,0,0
1169:0,0,0,-1,2,4,6,8,4,4,0,0,0,0
1171:0,0,0,0,0,4,5,3,1,4,0,0,0,0
1173:0,0,0,-6,-2,5,6,4,0,5,0,0,0,0
1175:0,0,0,-6,-2,8,9,7,0,8,0,0,0,0
1177:0,0,0,-6,-2,12,13,11,0,12,0,0,0,0
1179:0,0,0,-6,-2,15,16,14,0,15,0,0,0,0
1181:0,0,0,-6,-2,17,19,15,0,17,0,0,0,0
1183:0,0,0,-6,-2,24,26,22,0,24,0,0,0,0
1185:0,0,0,-6,-2,38,40,36,0,38,0,0,0,0
1187:0,0,0,-6,-2,50,52,48,0,50,0,0,0,0
1189:0,0,0,-8,-2,5,7,6,-1,6,0,0,0,0
1191:0,0,0,-8,-2,8,10,9,-1,9,0,0,0,0
1193:0,0,0,-8,-2,13,15,14,-1,14,0,0,0,0
1195:0,0,0,-8,-2,17,19,18,-1,18,0,0,0,0
1197:0,0,0,-8,-2,18,22,20,-1,20,0,0,0,0
1199:0,0,0,-8,-2,27,31,29,-1,29,0,0,0,0
1201:0,0,0,-8,-2,44,48,46,-1,46,0,0,0,0
1203:5,3,-4,1,0,0,0,0,1,0,4,0,0,0
1205:4,2,-4,1,0,0,0,0,1,0,3,0,0,0
1207:8,4,-4,1,0,0,0,0,1,0,7,0,0,0
1209:11,5,-4,1,0,0,0,0,1,0,10,0,0,0
1211:15,8,-4,1,0,0,0,0,1,0,14,0,0,0
1213:25,12,-4,1,0,0,0,0,1,0,24,0,0,0
1215:40,25,-4,1,0,0,0,0,1,0,40,0,0,0
1217:10,5,-4,1,0,0,0,0,1,0,7,0,0,0
1219:5,3,-4,1,0,0,0,0,1,0,4,0,0,0
1221:4,2,-4,1,0,0,0,0,1,0,3,0,0,0
1223:8,4,-4,1,0,0,0,0,1,0,7,0,0,0
1225:11,5,-4,1,0,0,0,0,1,0,10,0,0,0
1227:15,8,-4,1,0,0,0,0,1,0,14,0,0,0
1229:25,12,-4,1,0,0,0,0,1,0,24,0,0,0
1231:40,25,-4,1,0,0,0,0,1,0,40,0,0,0
1233:10,5,-4,1,0,0,0,0,1,0,7,0,0,0
1235:10,5,-4,1,0,0,0,0,1,0,7,0,0,0
1237:5,5,5,0,0,1,1,0,0,0,6,0,0,0
1239:8,8,8,0,0,1,1,0,0,0,10,0,0,0
1241:12,12,12,0,0,1,1,0,0,0,12,0,0,0
1243:17,17,17,0,0,1,1,0,0,0,18,0,0,0
1245:24,24,24,0,0,1,1,0,0,0,28,0,0,0
1247:36,36,36,0,0,1,1,0,0,0,42,0,0,0
1249:55,55,55,0,0,5,5,5,5,5,60,0,0,0
1251:5,5,5,0,0,1,1,0,0,0,6,0,0,0
1253:8,8,8,0,0,1,1,0,0,0,10,0,0,0
1255:12,12,12,0,0,1,1,0,0,0,12,0,0,0
1257:17,17,17,0,0,1,1,0,0,0,18,0,0,0
1259:24,24,24,0,0,1,1,0,0,0,28,0,0,0
1261:36,36,36,0,0,1,1,0,0,0,42,0,0,0
1263:55,55,55,0,0,5,5,5,5,5,60,0,0,0
1265:4,-2,2,0,0,0,1,0,0,0,5,0,0,0
1267:5,-2,3,0,0,0,1,0,0,0,7,0,0,0
1269:8,-2,6,0,0,0,1,0,0,0,9,0,0,0
1271:17,-2,15,0,0,0,1,0,0,0,19,0,0,0
1273:12,-2,10,0,0,0,1,0,0,0,13,0,0,0
1275:26,-2,24,0,0,0,1,0,0,0,29,0,0,0
1277:4,3,-2,0,0,0,2,1,0,0,5,0,0,0
1279:6,4,-2,0,0,0,2,1,0,0,7,0,0,0
1281:11,8,-2,0,0,0,2,1,0,0,12,0,0,0
1283:14,10,-2,0,0,0,2,1,0,0,12,0,0,0
1285:16,11,-2,0,0,0,2,1,0,0,17,0,0,0
1287:23,18,-2,0,0,0,2,1,0,0,24,0,0,0
1289:38,26,-2,0,0,0,2,1,0,0,39,0,0,0
1291:4,5,-2,0,0,0,3,2,0,0,7,0,0,0
1293:6,8,-2,0,0,0,3,2,0,0,10,0,0,0
1295:9,14,-2,0,0,0,3,2,0,0,16,0,0,0
1297:13,18,-2,0,0,0,3,2,0,0,16,0,0,0
1299:15,20,-2,0,0,0,3,2,0,0,22,0,0,0
1301:20,29,-2,0,0,0,3,2,0,0,31,0,0,0
1303:38,47,-2,0,0,0,3,2,0,0,49,0,0,0
1305:58,69,-2,0,0,0,3,2,0,0,71,0,0,0
1307:-4,9,8,-4,0,0,0,0,0,-1,10,0,0,0
1309:-4,13,10,-4,0,0,0,0,0,-1,14,0,0,0
1311:-4,21,16,-4,0,0,0,0,0,-1,22,0,0,0
1313:-4,27,21,-4,0,0,0,0,0,-1,26,0,0,0
1315:-4,30,24,-4,0,0,0,0,0,-1,31,0,0,0
1317:-4,43,30,-4,0,0,0,0,0,-1,44,0,0,0
1319:-4,69,50,-4,0,0,0,0,0,-1,70,0,0,0
1321:1,7,-2,0,0,0,1,0,0,0,6,0,0,0
1323:2,10,-2,0,0,0,1,0,0,0,9,0,0,0
1325:3,15,-2,0,0,0,1,0,0,0,14,0,0,0
1327:4,19,-2,0,0,0,1,0,0,0,14,0,0,0
1329:5,21,-2,0,0,0,1,0,0,0,20,0,0,0
1331:6,29,-2,0,0,0,1,0,0,0,28,0,0,0
1333:7,45,-2,0,0,0,1,0,0,0,44,0,0,0
1335:-4,-4,11,-4,0,0,0,0,0,0,9,0,0,0
1337:-4,-4,10,-4,0,0,0,0,0,0,8,0,0,0
1339:-4,-4,18,-4,0,0,0,0,0,0,16,0,0,0
1341:-4,-4,22,-4,0,0,0,0,0,0,19,0,0,0
1343:-4,-4,25,-4,0,0,0,0,0,0,20,0,0,0
1345:-4,-4,33,-4,0,0,0,0,0,0,31,0,0,0
1347:-4,-4,53,-4,0,0,0,0,0,0,48,0,0,0
1349:-2,5,3,0,0,0,1,0,0,0,7,0,0,0
1351:-2,4,2,0,0,0,1,0,0,0,5,0,0,0
1353:-2,8,6,0,0,0,1,0,0,0,9,0,0,0
1355:-2,12,10,0,0,0,1,0,0,0,13,0,0,0
1357:-2,17,15,0,0,0,1,0,0,0,19,0,0,0
1359:-2,26,24,0,0,0,1,0,0,0,29,0,0,0
1361:-2,10,8,0,0,0,1,0,0,0,12,0,0,0
1363:-2,8,5,0,0,0,0,0,0,-1,13,0,0,0
1365:-2,16,11,0,0,0,0,0,0,-1,20,0,0,0
1367:-2,20,15,0,0,0,0,0,0,-1,24,0,0,0
1369:-2,22,17,0,0,0,0,0,0,-1,29,0,0,0
1371:-2,31,26,0,0,0,0,0,0,-1,41,0,0,0
1373:-2,48,43,0,0,0,0,0,0,-1,64,0,0,0
1375:-2,6,3,0,0,0,0,0,0,-1,9,0,0,0
1377:-2,70,65,0,0,0,0,0,0,-1,85,0,0,0
1379:0,-1,7,4,0,2,3,1,4,0,3,0,0,0
1381:0,-1,7,10,0,2,3,1,10,0,3,0,0,0
1383:0,-1,7,10,0,2,3,1,10,0,3,0,0,0
1385:1,-1,9,10,0,2,3,1,10,0,5,0,0,0
1387:3,-1,9,10,0,2,3,1,10,0,6,0,0,0
1389:2,-1,10,10,0,2,3,1,10,0,7,0,0,0
1391:7,-1,25,10,0,2,3,1,10,0,32,0,0,0
1393:7,-1,28,10,0,2,3,1,10,0,35,0,0,0
1395:7,-1,28,10,0,2,3,1,10,0,35,0,0,0
1397:7,-1,28,10,0,2,3,1,10,0,35,0,0,0
1399:7,-1,28,10,0,2,3,1,10,0,35,0,0,0
1401:10,-1,40,10,0,2,3,1,10,0,50,0,0,0
1403:10,-1,40,10,0,2,3,1,10,0,50,0,0,0
1405:10,-1,40,10,0,2,3,1,10,0,50,0,0,0
1407:10,-1,40,10,0,2,3,1,10,0,50,0,0,0
1409:10,-1,40,10,0,2,3,1,10,0,50,0,0,0
1419:3,8,3,0,0,0,3,1,0,0,10,0,0,0
1420:4,-2,9,0,0,0,0,0,0,0,7,0,0,1
1422:1,-2,6,0,0,0,0,0,0,0,5,0,0,1
1424:7,-2,13,0,0,0,0,0,0,0,11,0,0,2
1426:8,-2,16,0,0,0,0,0,0,0,13,0,0,2
1428:11,-2,18,0,0,0,0,0,0,0,16,0,0,3
1430:13,-2,25,0,0,0,0,0,0,0,23,0,0,3
1432:20,-2,39,0,0,0,0,0,0,0,36,0,0,4
1434:40,-2,60,0,0,0,0,0,0,0,55,0,0,5
1478:4,4,4,4,4,0,0,0,0,0,0,0,0,0
1495:2,2,2,0,0,8,9,7,0,0,2,0,0,0
1506:0,0,0,0,0,0,0,0,0,0,0,0,0,0
1540:0,0,0,0,0,7,9,8,2,8,0,0,0,0
1549:0,0,0,0,0,0,0,0,0,0,0,0,0,0
1554:0,0,0,0,0,0,0,0,0,0,0,0,0,0
1575:0,0,0,0,0,0,0,0,0,0,0,0,0,0
1580:0,0,0,0,0,0,3,4,0,2,0,0,0,0
1635:0,0,0,0,0,0,0,0,0,0,0,0,0,0
1637:0,0,0,0,0,0,0,0,0,0,0,0,0,0
1639:0,0,0,0,0,0,0,0,0,0,0,0,0,0
1641:0,0,0,0,0,0,0,0,0,0,0,0,0,0
1643:0,0,0,0,0,0,0,0,0,0,0,0,0,0
1645:0,0,0,0,0,0,0,0,0,0,0,0,0,0
1654:0,0,0,0,0,0,0,0,0,0,0,0,0,0
1656:0,0,0,0,0,0,0,0,0,0,0,0,0,0
1658:0,0,0,0,0,0,0,0,0,0,0,0,0,0
1660:0,0,0,0,0,0,0,0,0,0,0,0,0,0
1662:0,0,0,0,0,0,0,0,0,0,0,0,0,0
1664:0,0,0,0,0,0,0,0,0,0,0,0,0,0
1692:0,0,0,0,0,0,0,0,0,0,0,0,0,0
1694:0,0,0,0,0,0,0,0,0,0,0,0,0,0
1696:0,0,0,0,0,0,0,0,0,0,0,0,0,0
1698:0,0,0,0,0,0,0,0,0,0,0,0,0,0
1700:0,0,0,0,0,0,0,0,0,0,0,0,0,0
1702:0,0,0,0,0,0,0,0,0,0,0,0,0,0
1704:10,10,10,10,10,3,3,3,3,3,6,0,0,3
1706:10,10,10,10,10,3,3,3,3,3,6,0,0,3
1708:10,10,10,10,10,3,3,3,3,3,6,0,0,3
1710:10,10,10,10,10,3,3,3,3,3,6,0,0,3
1712:10,10,10,10,10,3,3,3,3,3,6,0,0,3
1716:0,0,0,0,0,0,0,0,0,0,0,0,0,0
1718:0,0,0,0,0,2,2,2,2,2,0,0,0,8
1722:0,0,0,0,0,0,0,0,0,0,0,0,0,0
1724:2,2,2,2,2,0,0,0,0,0,0,0,0,8
1725:0,0,0,0,0,0,0,0,0,0,10,0,0,0
1727:0,0,0,10,0,0,0,0,0,0,0,0,0,0
1729:0,0,0,0,0,7,7,7,7,7,0,0,0,0
1731:6,6,6,6,6,6,6,6,6,6,6,0,0,1
1757:0,0,0,0,0,0,0,0,0,0,0,0,0,0
1796:0,0,0,0,0,0,0,0,0,0,0,0,0,0
1797:0,0,0,0,0,0,0,0,0,0,0,0,0,0
1833:0,0,0,0,0,0,0,0,0,0,0,0,0,0
1835:0,0,0,0,0,0,0,0,0,0,0,0,0,0
1837:0,0,0,0,0,0,0,0,0,0,0,0,0,0
1844:0,0,0,0,0,0,0,0,0,0,0,0,0,0
1845:0,0,0,0,0,0,0,0,0,0,0,0,0,0
1846:0,0,0,0,0,0,0,0,0,0,0,0,0,0
1917:0,0,0,0,0,0,0,0,0,0,0,0,0,0
1949:0,0,0,0,0,0,0,0,0,0,0,0,0,0
1963:0,0,0,0,0,0,0,0,0,0,0,0,0,0
1973:0,0,0,0,0,0,0,0,0,0,0,0,0,0
2395:0,0,0,0,0,0,0,0,0,0,0,0,0,0
2402:9,14,-2,0,0,0,3,2,1,0,12,0,0,0
2405:0,0,0,0,0,20,14,8,0,0,0,0,0,0
2406:0,0,0,0,0,0,0,0,0,0,0,0,0,0
2412:0,0,0,10,0,1,1,2,10,0,0,0,0,0
2413:0,0,0,10,0,1,1,2,10,0,0,0,0,0
2414:0,0,0,10,0,1,1,2,10,0,0,0,0,0
2415:-1,-1,6,6,0,2,3,1,6,0,2,0,0,0
2416:-1,-1,6,6,0,2,3,1,6,0,2,0,0,0
2417:-1,-1,6,6,0,2,3,1,6,0,2,0,0,0
2460:-100,-100,-50,0,0,0,0,0,0,0,-10,0,0,0
2462:-100,-100,-50,0,0,0,0,0,0,0,-10,0,0,0
2464:-100,-100,-50,0,0,0,0,0,0,0,-10,0,0,0
2466:-100,-100,-50,0,0,0,0,0,0,0,-10,0,0,0
2468:-100,-100,-50,0,0,0,0,0,0,0,-10,0,0,0
2470:-100,-100,-50,0,0,0,0,0,0,0,-10,0,0,0
2472:-100,-100,-50,0,0,0,0,0,0,0,-10,0,0,0
2474:-100,-100,-50,0,0,0,0,0,0,0,-10,0,0,0
2476:-100,-100,-50,0,0,0,0,0,0,0,-10,0,0,0
2487:0,0,0,-10,9,4,3,5,4,0,0,0,0,0
2489:0,0,0,-10,10,5,4,6,6,0,0,0,0,0
2491:0,0,0,-10,11,6,5,7,8,0,0,0,0,0
2493:0,0,0,-10,11,25,19,27,14,25,0,0,0,0
2495:0,0,0,-10,14,28,22,30,20,28,0,0,0,0
2497:0,0,0,-10,17,31,25,33,28,31,0,0,0,0
2499:0,0,0,-15,20,45,37,50,30,45,0,0,0,0
2501:0,0,0,-15,25,50,42,55,40,50,0,0,0,0
2503:0,0,0,-15,30,55,47,60,50,55,0,0,0,0
2532:0,0,0,0,0,0,0,0,0,0,0,10,0,0
2533:0,0,0,0,0,0,0,0,0,0,0,10,0,0
2534:0,0,0,0,0,0,0,0,0,0,0,16,0,0
2535:0,0,0,0,0,0,0,0,0,0,0,16,0,0
2536:0,0,0,0,0,0,0,0,0,0,0,22,0,0
2537:0,0,0,0,0,0,0,0,0,0,0,22,0,0
2538:0,0,0,0,0,0,0,0,0,0,0,31,0,0
2539:0,0,0,0,0,0,0,0,0,0,0,31,0,0
2540:0,0,0,0,0,0,0,0,0,0,0,49,0,0
2541:0,0,0,0,0,0,0,0,0,0,0,49,0,0
2550:0,0,0,0,0,0,0,0,0,0,0,0,0,0
2552:0,0,0,0,0,0,0,0,0,0,0,0,0,0
2554:0,0,0,0,0,0,0,0,0,0,0,0,0,0
2556:0,0,0,0,0,0,0,0,0,0,0,0,0,0
2558:0,0,0,0,0,0,0,0,0,0,0,0,0,0
2560:0,0,0,0,0,0,0,0,0,0,0,0,0,0
2562:0,0,0,0,0,0,0,0,0,0,0,0,0,0
2564:0,0,0,0,0,0,0,0,0,0,0,0,0,0
2566:0,0,0,0,0,0,0,0,0,0,0,0,0,0
2568:0,0,0,0,0,0,0,0,0,0,0,0,0,0
2570:0,0,0,0,0,0,0,0,0,0,0,0,0,0
2572:0,0,0,0,0,0,0,0,0,0,0,0,0,0
2577:0,0,0,-10,8,2,3,4,2,0,0,0,0,0
2579:0,0,0,4,0,0,0,0,4,0,0,0,0,0
2581:0,0,0,-10,8,4,6,8,4,4,0,0,0,0
2583:0,0,0,-30,-10,41,40,30,-6,40,0,0,0,0
2585:0,0,0,-21,-7,21,20,19,-4,20,0,0,0,0
2587:0,0,0,-6,-2,12,13,10,-1,12,0,0,0,0
2589:0,0,0,-8,-2,17,19,18,-1,18,0,0,0,0
2591:0,0,0,-30,-10,41,40,30,-6,40,0,0,0,0
2593:0,0,0,-21,-7,21,20,19,-4,20,0,0,0,0
2595:0,0,0,-6,-2,12,13,10,-1,12,0,0,0,0
2597:0,0,0,-8,-2,17,19,18,-1,18,0,0,0,0
2599:0,0,0,-30,-10,65,63,55,-6,63,0,0,0,0
2601:0,0,0,-21,-7,33,31,29,-4,31,0,0,0,0
2603:0,0,0,-8,-2,27,31,29,-1,29,0,0,0,0
2605:0,0,0,-6,-2,19,21,16,-1,19,0,0,0,0
2607:0,0,0,-30,-10,65,63,55,-6,63,0,0,0,0
2609:0,0,0,-21,-7,33,31,29,-4,31,0,0,0,0
2611:0,0,0,-8,-2,27,31,29,-1,29,0,0,0,0
2613:0,0,0,-6,-2,19,21,16,-1,19,0,0,0,0
2615:0,0,0,-30,-10,82,80,72,-6,80,0,0,0,0
2617:0,0,0,-21,-7,51,49,47,-4,49,0,0,0,0
2619:0,0,0,-6,-2,30,32,27,-1,30,0,0,0,0
2621:0,0,0,-8,-2,44,48,46,-1,46,0,0,0,0
2623:0,0,0,-30,-10,82,80,72,-6,80,0,0,0,0
2625:0,0,0,-21,-7,51,49,47,-4,49,0,0,0,0
2627:0,0,0,-6,-2,30,32,27,-1,30,0,0,0,0
2629:0,0,0,-8,-2,44,48,46,-1,46,0,0,0,0
2631:0,0,0,0,0,0,0,0,0,0,0,0,0,0
2633:0,0,0,0,0,0,0,0,0,0,0,0,0,0
2635:0,0,0,0,0,0,0,0,0,0,0,0,0,0
2637:0,0,0,0,0,0,0,0,0,0,0,0,0,0
2639:0,0,0,0,0,0,0,0,0,0,0,0,0,0
2641:0,0,0,0,0,0,0,0,0,0,0,0,0,0
2643:0,0,0,0,0,0,0,0,0,0,0,0,0,0
2645:0,0,0,0,0,0,0,0,0,0,0,0,0,0
2647:0,0,0,0,0,0,0,0,0,0,0,0,0,0
2649:0,0,0,0,0,0,0,0,0,0,0,0,0,0
2651:0,0,0,0,0,0,0,0,0,0,0,0,0,0
2653:0,0,0,-30,-10,82,80,72,-6,80,0,0,0,0
2655:0,0,0,-21,-7,51,49,47,-4,49,0,0,0,0
2657:0,0,0,-6,-2,30,32,27,-1,30,0,0,0,0
2659:0,0,0,-8,-2,44,48,46,-1,46,0,0,0,0
2661:0,0,0,-30,-10,82,80,72,-6,80,0,0,0,0
2663:0,0,0,-21,-7,51,49,47,-4,49,0,0,0,0
2665:0,0,0,-6,-2,30,32,27,-1,30,0,0,0,0
2667:0,0,0,-8,-2,44,48,46,-1,46,0,0,0,0
2669:0,0,0,-30,-10,82,80,72,-6,80,0,0,0,0
2671:0,0,0,-21,-7,51,49,47,-4,49,0,0,0,0
2673:0,0,0,-6,-2,30,32,27,-1,30,0,0,0,0
2675:0,0,0,-8,-2,44,48,46,-1,46,0,0,0,0
2866:0,0,0,0,0,0,0,0,0,0,0,22,0,0
2883:0,0,0,0,38,0,0,0,0,0,0,0,0,0
2888:0,0,0,0,0,0,0,0,0,0,0,0,0,0
2889:0,0,0,0,0,0,0,0,0,0,0,0,0,0
2890:0,0,0,0,0,0,0,0,6,0,0,0,0,0
2894:0,0,0,0,0,0,1,1,0,0,0,0,0,0
2896:0,0,0,0,0,0,2,2,0,0,0,0,0,0
2898:0,0,0,0,0,0,2,2,0,0,0,0,0,0
2900:0,0,0,3,0,0,0,0,3,0,0,0,0,0
2902:0,0,0,0,0,0,1,2,0,0,0,0,0,0
2904:0,0,0,0,0,0,1,1,0,0,0,0,0,0
2906:0,0,0,0,0,0,2,2,0,0,0,0,0,0
2908:0,0,0,0,0,0,2,2,0,0,0,0,0,0
2910:0,0,0,3,0,0,0,0,3,0,0,0,0,0
2912:0,0,0,0,0,0,1,2,0,0,0,0,0,0
2914:0,0,0,0,0,0,1,1,0,0,0,0,0,0
2916:0,0,0,0,0,0,2,2,0,0,0,0,0,0
2918:0,0,0,0,0,0,2,2,0,0,0,0,0,0
2920:0,0,0,3,0,0,0,0,3,0,0,0,0,0
2922:0,0,0,0,0,0,1,2,0,0,0,0,0,0
2924:0,0,0,0,0,0,1,1,0,0,0,0,0,0
2926:0,0,0,0,0,0,2,2,0,0,0,0,0,0
2928:0,0,0,0,0,0,2,2,0,0,0,0,0,0
2930:0,0,0,3,0,0,0,0,3,0,0,0,0,0
2932:0,0,0,0,0,0,1,2,0,0,0,0,0,0
2934:0,0,0,0,0,0,1,1,0,0,0,0,0,0
2936:0,0,0,0,0,0,2,2,0,0,0,0,0,0
2938:0,0,0,0,0,0,2,2,0,0,0,0,0,0
2940:0,0,0,3,0,0,0,0,3,0,0,0,0,0
2942:0,0,0,0,0,0,1,2,0,0,0,0,0,0
2952:11,5,-4,1,0,0,0,0,1,0,10,0,0,5
2961:0,0,0,0,0,0,1,1,1,1,1,0,0,0
2963:0,0,0,0,0,0,1,1,1,1,1,0,0,5
2978:0,0,0,0,0,0,0,0,0,0,0,0,0,0
2979:0,0,0,0,0,0,0,0,0,0,0,0,0,0
2980:0,0,0,0,0,0,0,0,0,0,0,0,0,0
2981:0,0,0,0,0,0,0,0,0,0,0,0,0,0
2982:0,0,0,0,0,0,0,0,0,0,0,0,0,0
2983:0,0,0,0,0,0,0,0,0,0,0,0,0,0
2984:0,0,0,0,0,0,0,0,0,0,0,0,0,0
2985:0,0,0,0,0,0,0,0,0,0,0,0,0,0
2986:0,0,0,0,0,0,0,0,0,0,0,0,0,0
2987:0,0,0,0,0,0,0,0,0,0,0,0,0,0
2988:0,0,0,0,0,0,0,0,0,0,0,0,0,0
2989:0,0,0,0,0,0,0,0,0,0,0,0,0,0
2990:0,0,0,0,0,0,0,0,0,0,0,0,0,0
2991:0,0,0,0,0,0,0,0,0,0,0,0,0,0
2992:0,0,0,0,0,0,0,0,0,0,0,0,0,0
2993:0,0,0,0,0,0,0,0,0,0,0,0,0,0
2994:0,0,0,0,0,0,0,0,0,0,0,0,0,0
2995:0,0,0,0,0,0,0,0,0,0,0,0,0,0
2997:0,0,0,0,0,1,5,3,0,0,0,0,0,0
3053:7,-1,28,10,0,2,3,1,10,0,35,0,0,0
3054:10,-1,40,10,0,2,3,1,10,0,50,0,0,0
3057:0,0,0,0,0,0,0,0,0,0,0,0,0,0
3058:0,0,0,0,0,0,0,0,0,0,0,0,0,0
3059:0,0,0,0,0,0,0,0,0,0,0,0,0,0
3060:0,0,0,0,0,0,0,0,0,0,0,0,0,0
3061:0,0,0,0,0,0,0,0,0,0,0,0,0,0
3093:0,0,0,0,7,0,0,0,0,0,0,6,0,0
3094:0,0,0,0,7,0,0,0,0,0,0,6,0,0
3095:3,4,-4,0,0,1,2,1,0,0,5,0,0,0
3096:4,6,-4,0,0,2,3,1,0,0,7,0,0,0
3097:8,11,-4,0,0,3,6,2,0,0,12,0,0,0
3098:10,14,-4,0,0,4,7,2,0,0,14,0,0,0
3099:11,16,-4,0,0,4,8,2,0,0,17,0,0,0
3100:18,23,-4,0,0,6,12,3,0,0,24,0,0,0
3101:26,38,-4,0,0,10,19,5,0,0,39,0,0,0
3105:0,0,0,0,0,0,2,2,0,0,2,0,0,0
3107:0,0,0,0,0,0,2,2,0,0,2,0,0,0
3122:0,0,0,-12,-8,40,42,38,0,65,0,0,0,0
3140:0,0,0,-15,0,81,93,98,-3,82,0,0,0,0
3157:0,0,0,0,0,0,0,0,0,0,0,0,0,0
3170:5,5,5,0,0,1,1,0,0,0,6,0,0,0
3171:8,8,8,0,0,1,1,0,0,0,10,0,0,0
3172:12,12,12,0,0,1,1,0,0,0,12,0,0,0
3173:17,17,17,0,0,1,1,0,0,0,18,0,0,0
3174:24,24,24,0,0,1,1,0,0,0,28,0,0,0
3175:36,36,36,0,0,1,1,0,0,0,42,0,0,0
3176:55,55,55,0,0,5,5,5,5,5,60,0,0,0
3177:0,0,0,0,0,0,0,0,0,0,0,0,0,0
3190:7,8,0,-4,0,-1,1,2,0,0,8,0,0,0
3192:9,12,0,-4,0,-1,1,2,0,0,12,0,0,0
3194:14,19,0,-4,0,-1,2,3,0,0,20,0,0,0
3196:19,25,0,-4,0,-1,2,3,0,0,20,0,0,0
3198:22,28,0,-4,0,-1,2,4,0,0,29,0,0,0
3200:28,41,0,-4,0,-1,3,4,0,0,42,0,0,0
3202:48,67,0,-4,0,-1,4,5,0,0,68,0,0,0
3204:70,95,0,-4,0,-1,4,5,0,0,89,0,0,0
3208:0,0,0,0,0,0,0,0,0,0,0,0,0,0
3250:0,0,0,0,0,0,0,0,0,0,0,0,0,0
3327:0,0,0,-3,-1,7,8,6,-1,7,0,0,0,0
3329:0,0,0,-3,-1,7,8,6,-1,7,0,0,0,0
3331:0,0,0,-3,-1,7,8,6,-1,7,0,0,0,0
3333:0,0,0,-3,-1,7,8,6,-1,7,0,0,0,0
3335:0,0,0,-3,-1,7,8,6,-1,7,0,0,0,0
3337:0,0,0,-3,-1,7,8,6,-1,7,0,0,0,0
3339:0,0,0,-3,-1,7,8,6,-1,7,0,0,0,0
3341:0,0,0,-3,-1,7,8,6,-1,7,0,0,0,0
3343:0,0,0,-3,-1,7,8,6,-1,7,0,0,0,0
3385:0,0,0,3,-2,10,9,11,3,0,0,0,0,0
3387:0,0,0,10,-10,36,26,42,15,0,0,0,0,0
3389:0,0,0,7,-7,22,20,25,10,0,0,0,0,0
3391:0,0,0,2,-1,3,2,4,2,0,0,0,0,0
3393:0,0,0,2,-1,3,2,4,2,0,0,0,0,0
3472:0,0,0,-21,-7,21,20,19,-4,20,0,0,0,0
3473:0,0,0,-21,-7,21,20,19,-4,20,0,0,0,0
3474:0,0,0,-21,-7,33,31,29,-4,31,0,0,0,0
3475:0,0,0,-21,-7,33,31,29,-4,31,0,0,0,0
3476:0,0,0,-21,-7,51,49,47,-4,49,0,0,0,0
3477:0,0,0,-21,-7,51,49,47,-4,49,0,0,0,0
3478:0,0,0,-21,-7,51,49,47,-4,49,0,0,0,0
3479:0,0,0,-21,-7,51,49,47,-4,49,0,0,0,0
3480:0,0,0,-21,-7,51,49,47,-4,49,0,0,0,0
3481:0,0,0,-30,-10,82,80,72,-6,80,0,0,0,0
3483:0,0,0,-21,-7,51,49,47,-4,49,0,0,0,0
3485:0,0,0,-21,-7,51,49,47,-4,49,0,0,0,0
3486:0,0,0,-6,-2,30,32,27,-1,30,0,0,0,0
3488:0,0,0,-8,-2,44,48,46,-1,46,0,0,0,0
3688:0,0,0,0,0,0,0,0,0,0,0,0,0,0
3689:0,0,0,0,0,0,0,0,0,0,0,0,0,0
3690:0,0,0,0,0,0,0,0,0,0,0,0,0,0
3691:0,0,0,0,0,0,0,0,0,0,0,0,0,0
3695:0,0,0,0,0,0,0,0,0,0,0,0,0,0
3748:0,0,0,-6,-2,19,21,16,-1,19,0,0,0,0
3749:-5,-5,-5,-5,6,6,8,10,6,6,0,0,0,0
3751:0,0,0,-5,-5,31,29,33,0,30,3,0,0,0
3753:0,5,0,-5,-5,31,33,29,0,30,0,0,0,0
3755:-5,-5,-5,6,-5,8,10,12,6,0,0,0,0,0
3757:6,29,-2,0,0,0,1,0,0,0,28,0,0,0
3758:0,0,0,-8,-2,27,31,29,-1,29,0,0,0,0
3759:0,0,0,0,0,0,1,1,0,2,0,0,0,0
3761:0,0,0,0,0,0,1,1,0,2,0,0,0,0
3763:0,0,0,0,0,0,1,1,0,2,0,0,0,0
3765:0,0,0,0,0,0,1,1,0,2,0,0,0,0
3767:0,0,0,0,0,0,2,2,0,0,0,0,0,0
3769:0,0,0,0,0,0,2,2,0,0,0,0,0,0
3771:0,0,0,0,0,0,2,2,0,0,0,0,0,0
3773:0,0,0,0,0,0,2,2,0,0,0,0,0,0
3775:0,0,0,0,0,0,2,2,0,0,0,0,0,0
3777:0,0,0,0,0,0,1,1,0,2,0,0,0,0
3779:0,0,0,0,0,0,1,1,0,2,0,0,0,0
3781:0,0,0,0,0,0,1,1,0,2,0,0,0,0
3783:0,0,0,0,0,0,1,1,0,2,0,0,0,0
3785:0,0,0,0,0,0,1,1,0,2,0,0,0,0
3787:0,0,0,0,0,0,1,1,0,2,0,0,0,0
3789:0,0,0,0,0,0,1,1,0,2,0,0,0,0
3791:0,0,0,0,0,0,1,1,0,0,0,0,0,0
3793:0,0,0,0,0,0,2,2,0,0,0,0,0,0
3795:0,0,0,0,0,0,2,2,0,0,0,0,0,0
3797:0,0,0,3,0,0,0,0,3,0,0,0,0,0
3799:0,0,0,0,0,0,1,2,0,0,0,0,0,0
3839:0,0,0,0,0,0,0,0,0,0,0,0,0,5
3840:0,0,0,0,0,8,8,8,8,8,0,0,0,5
3841:0,0,0,0,0,0,0,0,0,0,0,0,0,5
3842:8,8,8,8,8,0,0,0,0,0,0,0,0,5
3843:0,0,0,0,0,0,0,0,0,0,0,0,0,5
3844:4,4,4,4,4,4,4,4,4,4,0,0,0,5
3850:0,0,0,0,0,0,0,0,0,0,0,0,0,0
3853:0,0,0,0,0,0,0,0,0,0,0,0,0,0
3855:0,0,0,0,0,0,0,0,0,0,0,0,0,0
3857:0,0,0,0,0,0,0,0,0,0,0,0,0,0
3859:0,0,0,0,0,0,0,0,0,0,0,0,0,0
3861:0,0,0,0,0,0,0,0,0,0,0,0,0,0
3863:0,0,0,0,0,0,0,0,0,0,0,0,0,0
3865:0,0,0,0,0,0,0,0,0,0,0,0,0,0
3867:0,0,0,0,0,0,0,0,0,0,0,0,0,0
3893:0,0,0,0,0,0,0,0,0,0,0,0,0,0
3899:0,0,0,0,0,0,1,1,1,1,1,0,0,0
4021:0,0,0,0,0,0,0,0,0,0,0,0,0,0
4023:0,0,0,0,0,0,0,0,0,0,0,0,0,0
4024:0,0,0,0,0,0,0,0,0,0,0,0,0,0
4025:0,0,0,0,0,0,0,0,0,0,0,0,0,0
4026:0,0,0,0,0,0,0,0,0,0,0,0,0,0
4027:0,0,0,0,0,0,0,0,0,0,0,0,0,0
4028:0,0,0,0,0,0,0,0,0,0,0,0,0,0
4029:0,0,0,0,0,0,0,0,0,0,0,0,0,0
4030:0,0,0,0,0,0,0,0,0,0,0,0,0,0
4031:0,0,0,0,0,0,0,0,0,0,0,0,0,0
4035:0,0,0,0,0,0,0,0,0,0,0,0,0,0
4037:0,0,0,0,0,0,0,0,0,0,0,0,0,0
4039:0,0,0,0,0,0,0,0,0,0,0,0,0,0
4041:0,0,0,0,0,0,0,0,0,0,0,0,0,0
4042:0,0,0,0,0,0,0,0,0,0,0,0,0,0
4068:13,18,-2,0,0,0,3,2,0,0,16,0,0,0
4069:0,0,0,-30,-10,32,31,24,-6,31,0,0,0,0
4070:0,0,0,-21,-7,17,16,15,-4,16,0,0,0,0
4071:0,0,0,-3,-1,7,8,6,-1,7,0,0,0,0
4072:0,0,0,-8,-2,13,15,14,-1,14,0,0,0,0
4080:0,0,0,0,0,0,0,0,0,0,0,0,0,0
4081:0,0,0,0,0,3,3,3,0,0,0,0,0,3
4083:0,0,0,0,0,0,0,0,0,0,0,0,0,0
4084:0,0,0,0,0,0,0,0,0,0,0,0,0,0
4085:0,0,0,0,0,0,0,0,0,0,0,0,0,0
4086:-100,-100,-50,0,0,0,0,0,0,0,-10,0,0,0
4087:0,0,0,-21,-7,68,66,63,-4,65,0,0,0,0
4089:0,0,0,4,0,0,0,0,4,0,0,0,0,0
4091:0,0,0,20,0,0,0,0,20,0,0,0,0,0
4093:0,0,0,15,0,0,0,0,15,0,0,0,0,0
4095:0,0,0,3,0,0,0,0,3,0,0,0,0,0
4097:0,0,0,3,0,0,0,0,3,0,0,0,0,0
4099:0,0,0,4,0,0,0,0,4,0,0,0,0,0
4101:0,0,0,20,0,0,0,0,20,0,0,0,0,0
4103:0,0,0,15,0,0,0,0,15,0,0,0,0,0
4105:0,0,0,3,0,0,0,0,3,0,0,0,0,0
4107:0,0,0,3,0,0,0,0,3,0,0,0,0,0
4109:0,0,0,4,0,0,0,0,4,0,0,0,0,0
4111:0,0,0,20,0,0,0,0,20,0,0,0,0,0
4113:0,0,0,15,0,0,0,0,15,0,0,0,0,0
4115:0,0,0,3,0,0,0,0,3,0,0,0,0,0
4117:0,0,0,3,0,0,0,0,3,0,0,0,0,0
4119:0,0,0,-3,-1,1,2,3,0,0,0,0,0,0
4121:0,0,0,-3,-1,2,3,4,0,0,0,0,0,0
4123:0,0,0,-3,-1,5,6,7,0,0,0,0,0,0
4125:0,0,0,-3,-1,7,8,9,0,0,0,0,0,0
4127:0,0,0,-3,-1,8,9,10,0,0,0,0,0,0
4129:0,0,0,-3,-1,10,11,12,0,0,1,0,0,0
4131:0,0,0,-3,-1,12,13,14,0,0,2,0,0,0
4151:0,82,0,0,0,0,0,0,0,0,82,0,0,0
4153:0,0,81,0,0,0,0,0,0,0,79,0,0,0
4156:0,0,0,0,0,10,15,5,5,10,0,0,0,0
4158:47,42,36,0,0,1,1,0,0,0,50,0,0,0
4159:0,0,0,0,0,0,0,0,0,0,0,0,0,0
4160:0,0,0,0,0,0,0,0,0,0,0,28,0,0
4162:0,0,0,0,0,0,0,0,0,0,0,0,0,0
4164:0,0,0,0,0,0,0,0,0,0,0,0,0,0
4166:0,0,0,0,0,0,0,0,0,0,0,0,0,0
4168:0,0,0,0,0,0,0,0,0,0,0,0,0,0
4170:7,-1,25,12,0,2,3,1,10,0,35,0,0,0
4172:0,0,0,0,0,0,0,0,0,0,0,0,0,0
4173:0,0,0,0,0,0,0,0,0,0,0,0,0,0
4174:0,0,0,0,0,0,0,0,0,0,0,0,0,0
4175:0,0,0,0,0,0,0,0,0,0,0,0,0,0
4181:0,0,0,0,0,0,0,0,0,0,0,0,0,0
4193:0,0,0,0,0,0,0,0,0,0,0,0,0,0
4202:0,0,0,0,0,0,0,0,0,0,0,0,0,0
4212:0,0,0,0,100,0,0,0,0,0,0,70,0,0
4214:0,0,0,0,100,0,0,0,0,0,0,70,0,0
4215:0,0,0,0,96,0,0,0,0,0,0,68,0,0
4216:0,0,0,0,92,0,0,0,0,0,0,66,0,0
4217:0,0,0,0,88,0,0,0,0,0,0,64,0,0
4218:0,0,0,0,84,0,0,0,0,0,0,62,0,0
4219:0,0,0,0,80,0,0,0,0,0,0,60,0,0
4220:0,0,0,0,76,0,0,0,0,0,0,58,0,0
4221:0,0,0,0,72,0,0,0,0,0,0,56,0,0
4222:0,0,0,0,68,0,0,0,0,0,0,54,0,0
4223:0,0,0,0,64,0,0,0,0,0,0,52,0,0
4224:0,0,0,-10,-10,51,54,53,0,80,0,0,0,0
4225:0,0,0,-10,-10,51,54,53,0,80,0,0,0,0
4226:0,0,0,-10,-10,49,52,51,0,78,0,0,0,0
4227:0,0,0,-10,-10,47,50,49,0,76,0,0,0,0
4228:0,0,0,-10,-10,45,48,47,0,74,0,0,0,0
4229:0,0,0,-10,-10,43,46,45,0,72,0,0,0,0
4230:0,0,0,-10,-10,41,44,43,0,70,0,0,0,0
4231:0,0,0,-10,-10,39,42,41,0,68,0,0,0,0
4232:0,0,0,-10,-10,37,40,39,0,66,0,0,0,0
4233:0,0,0,-10,-10,35,38,37,0,64,0,0,0,0
4234:0,0,0,-10,-10,33,36,35,0,62,0,0,0,0
4236:0,0,0,0,14,0,0,0,0,0,0,0,0,0
4250:0,0,0,0,0,0,0,0,0,0,0,0,0,0
4284:0,0,0,0,0,0,0,0,0,0,0,0,0,0
4285:0,0,0,0,0,0,0,0,0,0,0,0,0,0
4298:0,0,0,0,0,0,2,2,0,0,0,0,0,0
4300:0,0,0,0,0,0,2,2,0,0,0,0,0,0
4302:0,0,0,0,0,0,1,2,0,1,0,0,0,0
4304:0,0,0,0,0,0,1,1,0,2,0,0,0,0
4306:0,0,0,0,0,0,0,0,0,0,0,0,0,0
4308:0,0,0,0,0,0,1,2,0,0,0,0,0,0
4310:0,0,0,0,0,0,1,1,0,0,0,0,0,0
4315:0,0,0,0,0,0,1,1,0,2,0,0,0,0
4317:0,0,0,0,0,0,1,1,0,2,0,0,0,0
4319:0,0,0,0,0,0,1,1,0,2,0,0,0,0
4321:0,0,0,0,0,0,1,1,0,2,0,0,0,0
4323:0,0,0,0,0,0,1,1,0,2,0,0,0,0
4325:0,0,0,0,0,0,1,1,0,2,0,0,0,0
4327:0,0,0,0,0,0,1,1,0,2,0,0,0,0
4329:0,0,0,0,0,0,1,1,0,2,0,0,0,0
4331:0,0,0,0,0,0,1,1,0,2,0,0,0,0
4333:0,0,0,0,0,0,1,1,0,2,0,0,0,0
4335:0,0,0,0,0,0,1,1,0,2,0,0,0,0
4337:0,0,0,0,0,0,1,1,0,2,0,0,0,0
4339:0,0,0,0,0,0,1,1,0,2,0,0,0,0
4341:0,0,0,0,0,0,1,1,0,2,0,0,0,0
4343:0,0,0,0,0,0,1,1,0,2,0,0,0,0
4345:0,0,0,0,0,0,1,1,0,2,0,0,0,0
4347:0,0,0,0,0,0,1,1,0,2,0,0,0,0
4349:0,0,0,0,0,0,1,1,0,2,0,0,0,0
4351:0,0,0,0,0,0,1,1,0,2,0,0,0,0
4353:0,0,0,0,0,0,1,1,0,2,0,0,0,0
4355:0,0,0,0,0,0,1,1,0,2,0,0,0,0
4357:0,0,0,0,0,0,1,1,0,2,0,0,0,0
4359:0,0,0,0,0,0,1,1,0,2,0,0,0,0
4361:0,0,0,0,0,0,1,1,0,2,0,0,0,0
4363:0,0,0,0,0,0,1,1,0,2,0,0,0,0
4365:0,0,0,0,0,0,1,1,0,2,0,0,0,0
4367:0,0,0,0,0,0,1,1,0,2,0,0,0,0
4369:0,0,0,0,0,0,1,1,0,2,0,0,0,0
4371:0,0,0,0,0,0,1,1,0,2,0,0,0,0
4373:0,0,0,0,0,0,1,1,0,2,0,0,0,0
4375:0,0,0,0,0,0,1,1,0,2,0,0,0,0
4377:0,0,0,0,0,0,1,1,0,2,0,0,0,0
4379:0,0,0,0,0,0,1,1,0,2,0,0,0,0
4381:0,0,0,0,0,0,1,1,0,2,0,0,0,0
4383:0,0,0,0,0,0,1,1,0,2,0,0,0,0
4385:0,0,0,0,0,0,1,1,0,2,0,0,0,0
4387:0,0,0,0,0,0,1,1,0,2,0,0,0,0
4389:0,0,0,0,0,0,1,1,0,2,0,0,0,0
4391:0,0,0,0,0,0,1,1,0,2,0,0,0,0
4393:0,0,0,0,0,0,1,1,0,2,0,0,0,0
4395:0,0,0,0,0,0,1,1,0,2,0,0,0,0
4397:0,0,0,0,0,0,1,1,0,2,0,0,0,0
4399:0,0,0,0,0,0,1,1,0,2,0,0,0,0
4401:0,0,0,0,0,0,1,1,0,2,0,0,0,0
4403:0,0,0,0,0,0,1,1,0,2,0,0,0,0
4405:0,0,0,0,0,0,1,1,0,2,0,0,0,0
4407:0,0,0,0,0,0,1,1,0,2,0,0,0,0
4409:0,0,0,0,0,0,1,1,0,2,0,0,0,0
4411:0,0,0,0,0,0,1,1,0,2,0,0,0,0
4413:0,0,0,0,0,0,1,1,0,2,0,0,0,0
4498:0,0,0,0,0,0,0,0,0,0,0,0,0,0
4500:0,0,0,0,0,0,0,0,0,0,0,0,0,0
4501:0,0,0,0,0,0,0,0,0,0,0,0,0,0
4502:0,0,0,-3,-3,12,14,10,7,9,0,0,0,0
4503:15,20,-2,0,0,0,3,2,0,0,22,0,0,0
4504:0,0,0,-30,-10,46,44,38,-6,44,0,0,0,0
4505:0,0,0,-21,-7,24,22,20,-4,22,0,0,0,0
4506:0,0,0,-3,-1,10,11,9,-1,10,0,0,0,0
4507:0,0,0,-8,-2,18,22,20,-1,20,0,0,0,0
4508:20,29,-2,0,0,0,3,2,0,0,31,0,0,0
4509:0,0,0,-30,-10,65,63,55,-6,63,0,0,0,0
4510:0,0,0,-21,-7,33,31,29,-4,31,0,0,0,0
4511:0,0,0,-3,-1,14,15,13,-1,14,0,0,0,0
4512:0,0,0,-8,-2,27,31,29,-1,29,0,0,0,0
4513:0,0,0,0,0,0,1,2,0,1,0,0,0,0
4514:0,0,0,0,0,0,1,1,0,2,0,0,0,0
4515:0,0,0,0,0,0,1,2,0,1,0,0,0,0
4516:0,0,0,0,0,0,1,1,0,2,0,0,0,0
4551:0,0,0,-6,-2,9,10,7,-1,9,0,0,0,0
4565:0,0,0,0,0,0,0,0,0,0,0,0,0,0
4566:-100,-100,-50,0,0,0,0,0,0,0,-10,0,0,0
4567:0,0,0,0,0,0,10,20,0,10,0,0,0,0
4580:15,15,15,0,0,1,1,0,0,0,16,0,0,0
4582:15,15,15,0,0,1,1,0,0,0,16,0,0,0
4584:15,15,15,0,0,1,1,0,0,0,16,0,0,0
4585:0,0,0,-21,-7,68,66,63,-4,65,0,0,0,0
4587:8,67,-2,0,0,0,1,0,0,0,66,0,0,0
4599:0,0,0,0,0,0,0,0,0,0,2,0,0,0
4600:0,0,0,0,0,0,0,0,0,0,8,0,0,0
4605:0,0,0,0,0,0,0,0,0,0,0,0,0,0
4611:0,0,0,0,0,0,0,0,0,0,0,0,0,0
4657:0,0,0,0,0,0,0,0,0,0,0,0,0,0
4675:10,-1,40,15,0,2,3,1,15,0,50,0,10,-1
4677:0,0,0,0,0,0,0,0,0,0,0,0,0,0
4704:0,0,0,0,0,0,0,0,0,0,0,0,0,0
4705:0,0,0,0,0,0,0,0,0,0,0,0,0,0
4708:0,0,0,6,-2,15,13,16,6,0,0,0,0,0
4710:12,-1,65,15,0,3,5,2,15,0,68,0,10,0
4712:0,0,0,30,-10,52,37,63,30,0,0,0,0,0
4714:0,0,0,22,-7,33,30,36,22,0,0,0,0,0
4716:0,0,0,-3,-1,45,48,44,-1,51,0,0,0,0
4718:-4,103,95,-4,0,0,0,0,0,-1,105,0,0,0
4720:0,0,0,-30,-10,122,120,107,-6,132,0,0,0,0
4722:0,0,0,-21,-7,85,82,83,-4,92,0,0,0,0
4724:0,0,0,-6,-2,55,58,54,-1,62,0,0,0,0
4726:75,75,75,0,0,7,7,7,0,0,75,0,0,0
4728:0,0,0,-30,-10,122,120,107,-6,132,0,0,0,0
4730:0,0,0,-14,-7,75,72,73,-4,82,0,0,0,0
4732:0,0,0,-1,3,6,9,12,6,10,0,0,0,0
4734:0,0,0,0,84,0,0,0,0,0,0,0,0,0
4736:0,0,0,-15,30,47,42,50,65,57,0,0,0,0
4738:0,0,0,-10,17,26,20,28,35,33,0,0,0,0
4740:0,0,0,0,0,0,0,0,0,0,0,55,0,0
4745:0,0,0,-6,-2,55,58,54,-1,62,0,0,0,0
4747:-4,-4,85,-4,0,0,0,0,0,0,72,0,0,0
4749:0,0,0,-30,-10,122,120,107,-6,132,0,0,0,0
4751:0,0,0,-21,-7,85,82,83,-4,92,0,0,0,0
4753:0,0,0,-6,-2,55,58,54,0,56,0,0,0,3
4755:68,-2,82,0,0,0,0,0,0,0,72,0,0,6
4757:0,0,0,-6,-2,81,95,85,0,81,0,0,0,5
4759:0,0,0,-21,-7,85,82,83,0,84,0,0,0,4
4773:0,0,0,0,0,0,0,0,0,0,0,11,0,0
4778:0,0,0,0,0,0,0,0,0,0,0,13,0,0
4783:0,0,0,0,0,0,0,0,0,0,0,19,0,0
4788:0,0,0,0,0,0,0,0,0,0,0,22,0,0
4793:0,0,0,0,0,0,0,0,0,0,0,34,0,0
4797:0,0,0,0,0,0,0,0,0,0,0,0,0,0
4798:0,0,0,0,0,0,0,0,0,0,0,45,0,0
4803:0,0,0,0,0,0,0,0,0,0,0,60,0,0
4817:0,0,0,0,0,0,0,0,0,0,0,0,0,0
4827:0,0,0,0,38,0,0,0,0,0,0,0,0,0
4829:0,0,0,0,0,0,0,0,0,0,0,0,0,0
4837:0,0,0,0,0,0,0,0,0,0,0,0,0,0
4856:0,0,0,6,-2,15,13,16,6,0,0,0,0,0
4857:0,0,0,6,-2,15,13,16,6,0,0,0,0,0
4858:0,0,0,6,-2,15,13,16,6,0,0,0,0,0
4859:0,0,0,6,-2,15,13,16,6,0,0,0,0,0
4860:0,0,0,0,0,0,0,0,0,0,0,0,0,0
4862:12,-1,65,15,0,3,5,2,15,0,68,0,10,0
4863:12,-1,65,15,0,3,5,2,15,0,68,0,10,0
4864:12,-1,65,15,0,3,5,2,15,0,68,0,10,0
4865:12,-1,65,15,0,3,5,2,15,0,68,0,10,0
4866:0,0,0,0,0,0,0,0,0,0,0,0,10,0
4868:0,0,0,30,-10,52,37,63,30,0,0,0,0,0
4869:0,0,0,30,-10,52,37,63,30,0,0,0,0,0
4870:0,0,0,30,-10,52,37,63,30,0,0,0,0,0
4871:0,0,0,30,-10,52,37,63,30,0,0,0,0,0
4872:0,0,0,0,0,0,0,0,0,0,0,0,0,0
4874:0,0,0,22,-7,33,30,36,22,0,0,0,0,0
4875:0,0,0,22,-7,33,30,36,22,0,0,0,0,0
4876:0,0,0,22,-7,33,30,36,22,0,0,0,0,0
4877:0,0,0,22,-7,33,30,36,22,0,0,0,0,0
4878:0,0,0,0,0,0,0,0,0,0,0,0,0,0
4880:0,0,0,-3,-1,45,48,44,-1,51,0,0,0,0
4881:0,0,0,-3,-1,45,48,44,-1,51,0,0,0,0
4882:0,0,0,-3,-1,45,48,44,-1,51,0,0,0,0
4883:0,0,0,-3,-1,45,48,44,-1,51,0,0,0,0
4884:0,0,0,0,0,0,0,0,0,0,0,0,0,0
4886:-4,103,95,-4,0,0,0,0,0,-1,105,0,0,0
4887:-4,103,95,-4,0,0,0,0,0,-1,105,0,0,0
4888:-4,103,95,-4,0,0,0,0,0,-1,105,0,0,0
4889:-4,103,95,-4,0,0,0,0,0,-1,105,0,0,0
4890:0,0,0,0,0,0,0,0,0,0,0,0,0,0
4892:0,0,0,-30,-10,122,120,107,-6,132,0,0,0,0
4893:0,0,0,-30,-10,122,120,107,-6,132,0,0,0,0
4894:0,0,0,-30,-10,122,120,107,-6,132,0,0,0,0
4895:0,0,0,-30,-10,122,120,107,-6,132,0,0,0,0
4896:0,0,0,0,0,0,0,0,0,0,0,0,0,0
4898:0,0,0,-21,-7,85,82,83,-4,92,0,0,0,0
4899:0,0,0,-21,-7,85,82,83,-4,92,0,0,0,0
4900:0,0,0,-21,-7,85,82,83,-4,92,0,0,0,0
4901:0,0,0,-21,-7,85,82,83,-4,92,0,0,0,0
4902:0,0,0,0,0,0,0,0,0,0,0,0,0,0
4904:0,0,0,-6,-2,55,58,54,-1,62,0,0,0,0
4905:0,0,0,-6,-2,55,58,54,-1,62,0,0,0,0
4906:0,0,0,-6,-2,55,58,54,-1,62,0,0,0,0
4907:0,0,0,-6,-2,55,58,54,-1,62,0,0,0,0
4908:0,0,0,0,0,0,0,0,0,0,0,0,0,0
4910:75,75,75,0,0,7,7,7,0,0,75,0,0,0
4911:75,75,75,0,0,7,7,7,0,0,75,0,0,0
4912:75,75,75,0,0,7,7,7,0,0,75,0,0,0
4913:75,75,75,0,0,7,7,7,0,0,75,0,0,0
4914:0,0,0,0,0,0,0,0,0,0,0,0,0,0
4916:0,0,0,-30,-10,122,120,107,-6,132,0,0,0,0
4917:0,0,0,-30,-10,122,120,107,-6,132,0,0,0,0
4918:0,0,0,-30,-10,122,120,107,-6,132,0,0,0,0
4919:0,0,0,-30,-10,122,120,107,-6,132,0,0,0,0
4920:0,0,0,0,0,0,0,0,0,0,0,0,0,0
4922:0,0,0,-14,-7,75,72,73,-4,82,0,0,0,0
4923:0,0,0,-14,-7,75,72,73,-4,82,0,0,0,0
4924:0,0,0,-14,-7,75,72,73,-4,82,0,0,0,0
4925:0,0,0,-14,-7,75,72,73,-4,82,0,0,0,0
4926:0,0,0,0,0,0,0,0,0,0,0,0,0,0
4928:0,0,0,-1,3,6,9,12,6,10,0,0,0,0
4929:0,0,0,-1,3,6,9,12,6,10,0,0,0,0
4930:0,0,0,-1,3,6,9,12,6,10,0,0,0,0
4931:0,0,0,-1,3,6,9,12,6,10,0,0,0,0
4932:0,0,0,0,0,0,0,0,0,0,0,0,0,0
4934:0,0,0,0,84,0,0,0,0,0,0,0,0,0
4935:0,0,0,0,84,0,0,0,0,0,0,0,0,0
4936:0,0,0,0,84,0,0,0,0,0,0,0,0,0
4937:0,0,0,0,84,0,0,0,0,0,0,0,0,0
4938:0,0,0,0,0,0,0,0,0,0,0,0,0,0
4940:0,0,0,-15,30,47,42,50,65,57,0,0,0,0
4941:0,0,0,-15,30,47,42,50,65,57,0,0,0,0
4942:0,0,0,-15,30,47,42,50,65,57,0,0,0,0
4943:0,0,0,-15,30,47,42,50,65,57,0,0,0,0
4944:0,0,0,0,0,0,0,0,0,0,0,0,0,0
4946:0,0,0,-10,17,26,20,28,35,33,0,0,0,0
4947:0,0,0,-10,17,26,20,28,35,33,0,0,0,0
4948:0,0,0,-10,17,26,20,28,35,33,0,0,0,0
4949:0,0,0,-10,17,26,20,28,35,33,0,0,0,0
4950:0,0,0,0,0,0,0,0,0,0,0,0,0,0
4952:0,0,0,-6,-2,55,58,54,-1,62,0,0,0,0
4953:0,0,0,-6,-2,55,58,54,-1,62,0,0,0,0
4954:0,0,0,-6,-2,55,58,54,-1,62,0,0,0,0
4955:0,0,0,-6,-2,55,58,54,-1,62,0,0,0,0
4956:0,0,0,0,0,0,0,0,0,0,0,0,0,0
4958:-4,-4,85,-4,0,0,0,0,0,0,72,0,0,0
4959:-4,-4,85,-4,0,0,0,0,0,0,72,0,0,0
4960:-4,-4,85,-4,0,0,0,0,0,0,72,0,0,0
4961:-4,-4,85,-4,0,0,0,0,0,0,72,0,0,0
4962:0,0,0,0,0,0,0,0,0,0,0,0,0,0
4964:0,0,0,-30,-10,122,120,107,-6,132,0,0,0,0
4965:0,0,0,-30,-10,122,120,107,-6,132,0,0,0,0
4966:0,0,0,-30,-10,122,120,107,-6,132,0,0,0,0
4967:0,0,0,-30,-10,122,120,107,-6,132,0,0,0,0
4968:0,0,0,0,0,0,0,0,0,0,0,0,0,0
4970:0,0,0,-21,-7,85,82,83,-4,92,0,0,0,0
4971:0,0,0,-21,-7,85,82,83,-4,92,0,0,0,0
4972:0,0,0,-21,-7,85,82,83,-4,92,0,0,0,0
4973:0,0,0,-21,-7,85,82,83,-4,92,0,0,0,0
4974:0,0,0,0,0,0,0,0,0,0,0,0,0,0
4976:0,0,0,-6,-2,55,58,54,0,56,0,0,0,3
4977:0,0,0,-6,-2,55,58,54,0,56,0,0,0,3
4978:0,0,0,-6,-2,55,58,54,0,56,0,0,0,3
4979:0,0,0,-6,-2,55,58,54,0,56,0,0,0,3
4980:0,0,0,0,0,0,0,0,0,0,0,0,0,0
4982:68,-2,82,0,0,0,0,0,0,0,72,0,0,6
4983:68,-2,82,0,0,0,0,0,0,0,72,0,0,6
4984:68,-2,82,0,0,0,0,0,0,0,72,0,0,6
4985:68,-2,82,0,0,0,0,0,0,0,72,0,0,6
4986:0,0,0,0,0,0,0,0,0,0,0,0,0,0
4988:0,0,0,-6,-2,81,95,85,0,81,0,0,0,5
4989:0,0,0,-6,-2,81,95,85,0,81,0,0,0,5
4990:0,0,0,-6,-2,81,95,85,0,81,0,0,0,5
4991:0,0,0,-6,-2,81,95,85,0,81,0,0,0,5
4992:0,0,0,0,0,0,0,0,0,0,0,0,0,0
4994:0,0,0,-21,-7,85,82,83,0,84,0,0,0,4
4995:0,0,0,-21,-7,85,82,83,0,84,0,0,0,4
4996:0,0,0,-21,-7,85,82,83,0,84,0,0,0,4
4997:0,0,0,-21,-7,85,82,83,0,84,0,0,0,4
4998:0,0,0,0,0,0,0,0,0,0,0,0,0,0
5013:0,0,0,-3,-1,4,5,3,-1,4,0,0,0,0
5014:0,0,0,-3,-1,4,5,3,-1,4,0,0,0,0
5016:11,11,11,0,0,1,1,0,0,0,13,0,0,0
5018:-4,-4,16,-4,0,0,0,0,0,0,15,0,0,0
5024:0,0,0,0,0,0,0,0,0,0,0,0,0,0
5026:0,0,0,0,0,0,0,0,0,0,0,0,0,0
5028:0,0,0,0,0,0,0,0,0,0,0,0,0,0
5030:0,0,0,0,0,0,0,0,0,0,0,0,0,0
5032:0,0,0,0,0,0,0,0,0,0,0,0,0,0
5034:0,0,0,0,0,0,0,0,0,0,0,0,0,0
5036:0,0,0,0,0,0,0,0,0,0,0,0,0,0
5038:0,0,0,0,0,0,0,0,0,0,0,0,0,0
5040:0,0,0,0,0,0,0,0,0,0,0,0,0,0
5042:0,0,0,0,0,0,0,0,0,0,0,0,0,0
5044:0,0,0,0,0,0,0,0,0,0,0,0,0,0
5046:0,0,0,0,0,0,0,0,0,0,0,0,0,0
5048:0,0,0,0,0,0,0,0,0,0,0,0,0,0
5050:0,0,0,0,0,0,0,0,0,0,0,0,0,0
5052:0,0,0,0,0,0,0,0,0,0,0,0,0,0
5060:0,0,0,0,0,0,0,0,0,0,0,0,0,0
5061:0,0,0,0,0,0,0,0,0,0,0,0,0,0
5329:0,0,0,0,0,0,0,0,0,0,0,0,0,0
5345:0,0,0,0,0,0,0,0,0,0,0,0,0,0
5521:0,0,0,0,0,0,0,0,0,0,0,0,0,0
5525:0,0,0,0,0,0,0,0,0,0,0,0,0,0
5527:0,0,0,0,0,0,0,0,0,0,0,0,0,0
5529:0,0,0,0,0,0,0,0,0,0,0,0,0,0
5531:0,0,0,0,0,0,0,0,0,0,0,0,0,0
5533:0,0,0,0,0,0,0,0,0,0,0,0,0,0
5535:0,0,0,0,0,0,0,0,0,0,0,0,0,0
5537:0,0,0,0,0,0,0,0,0,0,0,0,0,0
5539:0,0,0,0,0,0,0,0,0,0,0,0,0,0
5541:0,0,0,0,0,0,0,0,0,0,0,0,0,0
5543:0,0,0,0,0,0,0,0,0,0,0,0,0,0
5545:0,0,0,0,0,0,0,0,0,0,0,0,0,0
5547:0,0,0,0,0,0,0,0,0,0,0,0,0,0
5549:0,0,0,0,0,0,0,0,0,0,0,0,0,0
5551:0,0,0,0,0,0,0,0,0,0,0,0,0,0
5553:0,0,0,0,0,10,10,10,10,10,0,0,0,0
5554:0,0,0,0,0,5,5,5,5,5,0,0,0,0
5555:0,0,0,0,0,7,7,7,7,7,0,0,0,0
5556:0,0,0,0,0,2,2,2,2,2,0,0,0,0
5557:0,0,0,0,0,2,2,2,2,2,0,0,0,0
5560:0,0,0,0,0,0,0,0,0,0,0,0,0,0
5574:0,0,0,-6,-2,13,14,11,-1,13,0,0,0,3
5575:0,0,0,-30,-10,46,44,38,-6,44,0,0,0,6
5576:0,0,0,-21,-7,24,22,20,-4,22,0,0,0,5
5607:0,0,0,0,0,0,0,0,0,0,0,0,0,0
5608:0,0,0,0,0,0,0,0,0,0,0,0,0,0
5609:0,0,0,0,0,0,0,0,0,0,0,0,0,0
5614:0,0,0,0,0,0,0,0,0,0,0,0,0,0
5616:0,0,0,0,0,0,0,0,0,0,0,7,0,0
5617:0,0,0,0,0,0,0,0,0,0,0,10,0,0
5618:0,0,0,0,0,0,0,0,0,0,0,16,0,0
5619:0,0,0,0,0,0,0,0,0,0,0,22,0,0
5620:0,0,0,0,0,0,0,0,0,0,0,31,0,0
5621:0,0,0,0,0,0,0,0,0,0,0,49,0,0
5622:0,0,0,0,0,0,0,0,0,0,0,7,0,0
5623:0,0,0,0,0,0,0,0,0,0,0,10,0,0
5624:0,0,0,0,0,0,0,0,0,0,0,16,0,0
5625:0,0,0,0,0,0,0,0,0,0,0,22,0,0
5626:0,0,0,0,0,0,0,0,0,0,0,31,0,0
5627:0,0,0,0,0,0,0,0,0,0,0,49,0,0
5628:0,0,0,0,3,0,0,0,0,0,0,1,0,0
5629:0,0,0,0,4,0,0,0,0,0,0,3,0,0
5630:0,0,0,0,5,0,0,0,0,0,0,4,0,0
5631:0,0,0,0,7,0,0,0,0,0,0,6,0,0
5632:0,0,0,0,8,0,0,0,0,0,0,7,0,0
5633:0,0,0,0,11,0,0,0,0,0,0,10,0,0
5634:0,0,0,0,15,0,0,0,0,0,0,14,0,0
5635:0,0,0,0,3,0,0,0,0,0,0,1,0,0
5636:0,0,0,0,4,0,0,0,0,0,0,3,0,0
5637:0,0,0,0,5,0,0,0,0,0,0,4,0,0
5638:0,0,0,0,7,0,0,0,0,0,0,6,0,0
5639:0,0,0,0,8,0,0,0,0,0,0,7,0,0
5640:0,0,0,0,11,0,0,0,0,0,0,10,0,0
5641:0,0,0,0,15,0,0,0,0,0,0,14,0,0
5642:0,0,0,0,5,0,0,0,0,0,0,6,0,0
5643:0,0,0,0,8,0,0,0,0,0,0,10,0,0
5644:0,0,0,0,12,0,0,0,0,0,0,12,0,0
5645:0,0,0,0,17,0,0,0,0,0,0,18,0,0
5646:0,0,0,0,24,0,0,0,0,0,0,28,0,0
5647:0,0,0,0,38,0,0,0,0,0,0,42,0,0
5648:0,0,0,0,5,0,0,0,0,0,0,6,0,0
5649:0,0,0,0,8,0,0,0,0,0,0,10,0,0
5650:0,0,0,0,12,0,0,0,0,0,0,12,0,0
5651:0,0,0,0,17,0,0,0,0,0,0,18,0,0
5652:0,0,0,0,24,0,0,0,0,0,0,28,0,0
5653:0,0,0,0,38,0,0,0,0,0,0,42,0,0
5654:0,0,0,0,4,0,0,0,0,0,0,3,0,0
5655:0,0,0,0,5,0,0,0,0,0,0,4,0,0
5656:0,0,0,0,8,0,0,0,0,0,0,7,0,0
5657:0,0,0,0,11,0,0,0,0,0,0,10,0,0
5658:0,0,0,0,10,0,0,0,0,0,0,8,0,0
5659:0,0,0,0,15,0,0,0,0,0,0,14,0,0
5660:0,0,0,0,25,0,0,0,0,0,0,24,0,0
5661:0,0,0,0,4,0,0,0,0,0,0,3,0,0
5662:0,0,0,0,5,0,0,0,0,0,0,4,0,0
5663:0,0,0,0,8,0,0,0,0,0,0,7,0,0
5664:0,0,0,0,11,0,0,0,0,0,0,10,0,0
5665:0,0,0,0,10,0,0,0,0,0,0,8,0,0
5666:0,0,0,0,15,0,0,0,0,0,0,14,0,0
5667:0,0,0,0,25,0,0,0,0,0,0,24,0,0
5668:5,3,-4,1,0,0,0,0,1,0,4,0,0,0
5670:4,2,-4,1,0,0,0,0,1,0,3,0,0,0
5672:8,4,-4,1,0,0,0,0,1,0,7,0,0,0
5674:11,5,-4,1,0,0,0,0,1,0,10,0,0,0
5676:15,8,-4,1,0,0,0,0,1,0,14,0,0,0
5678:25,12,-4,1,0,0,0,0,1,0,24,0,0,0
5680:40,25,-4,1,0,0,0,0,1,0,40,0,0,0
5682:10,5,-4,1,0,0,0,0,1,0,7,0,0,0
5684:10,5,-4,1,0,0,0,0,1,0,7,0,0,0
5686:5,3,-4,1,0,0,0,0,1,0,4,0,0,0
5688:4,2,-4,1,0,0,0,0,1,0,3,0,0,0
5690:8,4,-4,1,0,0,0,0,1,0,7,0,0,0
5692:11,5,-4,1,0,0,0,0,1,0,10,0,0,0
5694:15,8,-4,1,0,0,0,0,1,0,14,0,0,0
5696:25,12,-4,1,0,0,0,0,1,0,24,0,0,0
5698:40,25,-4,1,0,0,0,0,1,0,40,0,0,0
5700:10,5,-4,1,0,0,0,0,1,0,7,0,0,0
5702:10,5,-4,1,0,0,0,0,1,0,7,0,0,0
5704:5,5,5,0,0,1,1,0,0,0,6,0,0,0
5706:8,8,8,0,0,1,1,0,0,0,10,0,0,0
5708:12,12,12,0,0,1,1,0,0,0,12,0,0,0
5710:17,17,17,0,0,1,1,0,0,0,18,0,0,0
5712:24,24,24,0,0,1,1,0,0,0,28,0,0,0
5714:36,36,36,0,0,1,1,0,0,0,42,0,0,0
5716:55,55,55,0,0,5,5,5,5,5,60,0,0,0
5718:5,5,5,0,0,1,1,0,0,0,6,0,0,0
5720:8,8,8,0,0,1,1,0,0,0,10,0,0,0
5722:12,12,12,0,0,1,1,0,0,0,12,0,0,0
5724:17,17,17,0,0,1,1,0,0,0,18,0,0,0
5726:24,24,24,0,0,1,1,0,0,0,28,0,0,0
5728:36,36,36,0,0,1,1,0,0,0,42,0,0,0
5730:55,55,55,0,0,5,5,5,5,5,60,0,0,0
5732:0,0,0,0,0,0,0,0,0,0,0,0,0,0
5734:15,15,15,0,0,1,1,0,0,0,16,0,0,0
5736:15,15,15,0,0,1,1,0,0,0,16,0,0,0
6040:0,0,0,0,0,0,0,0,0,0,0,0,0,0
6041:0,0,0,0,0,0,0,0,0,0,0,0,0,0
6061:0,0,0,0,0,0,0,0,0,0,0,10,0,0
6062:0,0,0,0,0,0,0,0,0,0,0,10,0,0
6065:0,0,0,0,0,0,0,0,0,0,0,0,0,0
6067:0,0,0,0,0,0,0,0,0,0,0,0,0,0
6068:0,0,0,0,0,0,1,2,0,0,0,0,0,0
6069:0,0,0,0,0,0,1,1,0,0,0,0,0,0
6070:0,0,0,0,0,0,0,0,0,0,0,0,0,0
6082:0,0,0,0,0,0,0,0,0,0,0,0,0,0
6106:0,0,0,2,0,0,0,0,2,0,0,0,0,0
6107:0,0,0,5,0,0,0,0,5,0,0,0,0,0
6108:0,0,0,4,0,0,0,0,4,0,0,0,0,0
6109:0,0,0,3,0,0,0,0,3,0,0,0,0,0
6110:0,0,0,2,0,0,0,0,2,0,0,0,0,0
6111:0,0,0,5,0,0,0,0,5,0,0,0,0,0
6122:0,0,0,0,0,0,0,0,0,0,0,0,0,0
6123:0,0,0,0,0,0,0,0,0,0,0,0,0,0
6125:0,0,0,0,0,0,0,0,0,0,0,0,0,0
6126:0,0,0,0,0,0,0,0,0,0,0,0,0,0
6127:0,0,0,0,0,0,0,0,0,0,0,0,0,0
6128:0,0,0,-6,-2,30,32,27,-1,30,0,0,0,0
6129:0,0,0,-30,-10,82,80,72,-6,80,0,0,0,0
6130:0,0,0,-21,-7,51,49,47,-4,49,0,0,0,0
6131:-6,-6,-6,-6,6,6,6,6,6,0,0,0,0,0
6133:0,0,0,-15,15,40,32,45,20,40,0,0,0,0
6135:0,0,0,-10,8,22,16,24,8,22,0,0,0,0
6137:0,0,0,2,-2,10,9,11,3,0,0,0,0,0
6139:0,0,0,8,-10,35,25,42,15,0,0,0,0,0
6141:0,0,0,6,-7,22,20,24,10,0,0,0,0,0
6143:0,0,0,0,0,0,1,1,0,0,0,0,0,0
6145:0,0,0,0,0,0,1,1,0,0,0,0,0,0
6147:0,0,0,0,0,0,1,1,0,0,0,0,0,0
6149:0,0,0,0,0,0,1,2,0,0,0,0,0,0
6151:0,0,0,0,0,0,1,2,0,0,0,0,0,0
6153:0,0,0,0,0,0,1,2,0,0,0,0,0,0
6180:0,0,0,0,0,0,0,0,0,0,0,0,0,0
6181:0,0,0,0,0,0,0,0,0,0,0,0,0,0
6182:0,0,0,0,0,0,0,0,0,0,0,0,0,0
6184:0,0,0,0,0,0,0,0,0,0,0,0,0,0
6185:0,0,0,0,0,0,0,0,0,0,0,0,0,0
6186:0,0,0,0,0,0,0,0,0,0,0,0,0,0
6187:0,0,0,0,0,0,0,0,0,0,0,0,0,0
6188:0,0,0,0,0,0,0,0,0,0,0,0,0,0
6208:0,0,0,0,0,0,0,0,0,0,0,0,0,0
6215:0,0,0,3,-7,10,10,15,5,0,0,0,0,5
6217:0,0,0,3,-7,10,10,15,5,0,0,0,0,5
6219:0,0,0,3,-7,10,10,15,5,0,0,0,0,5
6221:0,0,0,3,-7,10,10,15,5,0,0,0,0,5
6223:0,0,0,3,-7,10,10,15,5,0,0,0,0,5
6225:0,0,0,3,-7,10,10,15,5,0,0,0,0,5
6227:0,0,0,3,-7,10,10,15,5,0,0,0,0,5
6229:0,0,0,3,-7,10,10,15,5,0,0,0,0,5
6231:0,0,0,3,-7,10,10,15,5,0,0,0,0,5
6233:0,0,0,3,-7,10,10,15,5,0,0,0,0,5
6235:0,0,0,3,-7,10,10,15,5,0,0,0,0,5
6237:0,0,0,3,-7,10,10,15,5,0,0,0,0,5
6239:0,0,0,3,-7,10,10,15,5,0,0,0,0,5
6241:0,0,0,3,-7,10,10,15,5,0,0,0,0,5
6243:0,0,0,3,-7,10,10,15,5,0,0,0,0,5
6245:0,0,0,3,-7,10,10,15,5,0,0,0,0,5
6247:0,0,0,3,-7,10,10,15,5,0,0,0,0,5
6249:0,0,0,3,-7,10,10,15,5,0,0,0,0,5
6251:0,0,0,3,-7,10,10,15,5,0,0,0,0,5
6253:0,0,0,3,-7,10,10,15,5,0,0,0,0,5
6255:0,0,0,3,-7,10,10,15,5,0,0,0,0,5
6257:0,0,0,3,-7,10,10,15,5,0,0,0,0,5
6259:0,0,0,3,-7,10,10,15,5,0,0,0,0,5
6261:0,0,0,3,-7,10,10,15,5,0,0,0,0,5
6263:0,0,0,3,-7,10,10,15,5,0,0,0,0,5
6265:0,0,0,3,-7,10,10,15,5,0,0,0,0,5
6267:0,0,0,3,-7,10,10,15,5,0,0,0,0,5
6269:0,0,0,3,-7,10,10,15,5,0,0,0,0,5
6271:0,0,0,3,-7,10,10,15,5,0,0,0,0,5
6273:0,0,0,3,-7,10,10,15,5,0,0,0,0,5
6275:0,0,0,3,-7,10,10,15,5,0,0,0,0,5
6277:0,0,0,3,-7,10,10,15,5,0,0,0,0,5
6279:0,0,0,3,-7,10,10,15,5,0,0,0,0,5
6281:0,0,0,0,0,0,0,0,0,0,0,0,0,0
6283:0,0,0,0,0,0,0,0,0,0,0,0,0,0
6285:0,0,0,0,0,0,0,0,0,0,0,0,0,0
6313:0,8,-2,0,0,0,1,1,0,0,4,0,0,0
6315:0,11,-2,0,0,0,1,1,0,0,6,0,0,0
6317:0,16,-2,0,0,0,1,1,0,0,10,0,0,0
6322:0,0,0,-5,12,25,28,32,15,35,0,0,0,0
6324:0,0,0,-5,6,8,8,10,4,10,0,0,0,0
6326:0,0,0,-5,4,2,4,4,2,2,0,0,0,0
6328:0,0,0,-10,3,1,1,2,1,0,0,0,0,0
6330:0,0,0,-5,6,2,2,2,1,0,0,0,0,0
6335:0,0,0,0,0,0,0,0,0,0,0,0,0,0
6337:0,0,0,0,0,0,0,0,0,0,0,0,0,0
6339:0,0,0,0,0,0,0,0,0,0,0,0,0,0
6341:0,0,0,0,0,0,0,0,0,0,0,0,0,0
6343:0,0,0,0,0,0,0,0,0,0,0,0,0,0
6345:0,0,0,0,0,0,0,0,0,0,0,0,0,0
6347:0,0,0,0,0,0,0,0,0,0,0,0,0,0
6349:0,0,0,0,0,0,0,0,0,0,0,0,0,0
6351:0,0,0,0,0,0,0,0,0,0,0,0,0,0
6353:0,0,0,0,0,0,0,0,0,0,0,0,0,0
6355:0,0,0,0,0,0,0,0,0,0,0,0,0,0
6357:0,0,0,0,0,0,0,0,0,0,0,0,0,0
6359:0,0,0,0,0,0,0,0,0,0,0,0,0,0
6361:0,0,0,0,0,0,0,0,0,0,0,0,0,0
6363:0,0,0,0,0,0,0,0,0,0,0,0,0,0
6365:0,0,0,0,0,0,0,0,0,0,0,0,0,0
6367:0,0,0,0,0,0,0,0,0,0,0,0,0,0
6369:0,0,0,0,0,0,0,0,0,0,0,0,0,0
6371:0,0,0,0,0,0,0,0,0,0,0,0,0,0
6373:0,0,0,0,0,0,0,0,0,0,0,0,0,0
6375:0,0,0,0,0,0,0,0,0,0,0,0,0,0
6377:0,0,0,0,0,0,0,0,0,0,0,0,0,0
6379:0,0,0,0,0,0,0,0,0,0,0,0,0,0
6382:0,0,0,0,0,0,0,0,0,0,0,0,0,0
6384:0,0,0,0,0,0,0,0,0,0,0,0,0,0
6386:0,0,0,0,0,0,0,0,0,0,0,0,0,0
6388:0,0,0,0,0,0,0,0,0,0,0,0,0,0
6390:0,0,0,0,0,0,0,0,0,0,0,0,0,0
6392:0,0,0,0,0,0,0,0,0,0,0,0,0,0
6394:0,0,0,0,0,0,0,0,0,0,0,0,0,0
6396:0,0,0,0,0,0,0,0,0,0,0,0,0,0
6398:0,0,0,0,0,0,0,0,0,0,0,0,0,0
6400:0,0,0,0,0,0,0,0,0,0,0,0,0,0
6402:0,0,0,0,0,0,0,0,0,0,0,0,0,0
6404:0,0,0,0,0,0,0,0,0,0,0,0,0,0
6406:0,0,0,0,0,0,0,0,0,0,0,0,0,0
6408:0,0,4,0,0,0,0,0,0,0,4,0,0,0
6410:0,0,0,0,0,0,0,4,0,0,4,0,0,0
6412:0,0,8,0,0,0,0,0,0,0,8,0,0,0
6414:0,0,0,0,0,0,0,8,0,0,8,0,0,0
6416:0,0,0,0,0,0,0,0,0,0,20,0,0,0
6418:0,0,24,0,0,0,0,0,0,0,20,0,0,0
6420:0,0,0,0,0,0,0,24,0,0,20,0,0,0
6449:0,0,0,0,0,0,0,0,0,0,0,0,0,0
6451:0,0,0,0,0,0,0,0,0,0,0,0,0,0
6465:0,0,0,0,0,0,0,0,0,0,0,0,0,0
6522:0,0,0,0,69,0,0,0,0,0,0,49,0,0
6523:47,38,-2,0,0,2,3,0,0,0,49,0,0,0
6524:0,0,0,-12,-8,40,42,38,0,65,5,0,0,0
6525:16,48,0,0,0,0,0,0,0,0,39,0,0,0
6526:15,-1,55,15,0,10,15,5,15,0,55,0,0,5
6527:-4,-4,62,0,0,0,0,0,0,0,56,0,0,0
6528:0,0,80,-4,0,0,0,0,0,0,85,0,0,0
6541:-100,-100,-50,0,0,0,0,0,0,0,-10,0,0,0
6544:0,0,0,0,0,0,0,0,0,0,0,0,0,0
6547:0,0,0,0,0,0,0,0,0,0,0,0,0,0
6548:0,0,0,0,0,0,0,0,0,0,0,0,0,0
6562:7,-1,28,10,0,2,3,1,10,0,35,0,0,0
6563:10,-1,40,10,0,2,3,1,10,0,50,0,0,0
6568:0,0,0,0,0,9,9,9,9,9,0,0,0,0
6570:1,1,1,1,1,11,11,11,11,11,4,0,0,2
6575:0,0,0,0,0,0,0,0,0,0,0,0,0,0
6577:0,0,0,0,0,0,0,0,0,0,0,0,0,0
6581:0,0,0,0,0,0,0,0,0,0,0,0,0,0
6585:10,10,10,10,10,15,15,15,15,15,8,0,0,5
6587:10,14,-4,0,0,4,7,2,0,0,14,0,0,1
6589:-2,20,15,0,0,0,0,0,0,-1,24,0,0,1
6591:10,5,-4,1,0,0,0,0,1,0,7,0,0,1
6593:10,5,-4,1,0,0,0,0,1,0,7,0,0,1
6595:10,5,-4,1,0,0,0,0,1,0,7,0,0,1
6597:10,5,-4,1,0,0,0,0,1,0,7,0,0,1
6599:19,25,0,-4,0,-1,2,3,0,0,20,0,0,1
6601:8,-2,16,0,0,0,0,0,0,0,13,0,0,3
6603:2,-1,10,10,0,2,3,1,10,0,7,0,0,1
6605:14,10,-2,0,0,0,2,1,0,0,12,0,0,1
6607:13,18,-2,0,0,0,3,2,0,0,16,0,0,1
6609:-4,27,21,-4,0,0,0,0,0,-1,26,0,0,1
6611:4,19,-2,0,0,0,1,0,0,0,14,0,0,1
6613:-4,-4,22,-4,0,0,0,0,0,0,19,0,0,1
6615:0,0,0,-15,0,22,32,39,-3,24,0,0,0,1
6617:0,0,0,-30,-10,41,40,30,-6,40,0,0,0,1
6619:0,0,0,-3,-1,7,8,9,0,0,0,0,0,1
6621:0,0,0,-3,-1,9,10,8,-1,9,0,0,0,1
6623:0,0,0,-6,-2,12,13,10,-1,12,0,0,0,1
6625:0,0,0,-21,-7,21,20,19,-4,20,0,0,0,1
6627:0,0,0,-21,-7,21,20,19,-4,20,0,0,0,1
6629:0,0,0,0,0,0,1,2,0,0,0,0,0,1
6631:0,0,0,-6,-2,15,16,14,0,15,0,0,0,1
6633:0,0,0,-8,-2,17,19,18,-1,18,0,0,0,1
6654:0,0,0,0,0,0,0,0,0,0,0,0,0,0
6655:0,0,0,0,0,0,0,0,0,0,0,0,0,0
6656:0,0,0,0,0,0,0,0,0,0,0,0,0,0
6657:0,0,0,0,0,0,0,0,0,0,0,0,0,0
6658:0,0,0,0,0,0,0,0,0,0,0,0,0,0
6659:0,0,0,0,0,0,0,0,0,0,0,0,0,0
6665:0,0,0,0,0,0,0,0,0,0,0,0,0,0
6666:-2,-2,-2,0,0,0,1,1,0,0,0,0,0,0
6670:0,0,0,0,0,0,0,0,0,0,0,0,0,0
6671:0,0,0,0,0,0,0,0,0,0,0,0,0,0
6672:0,0,0,0,0,0,0,0,0,0,0,0,0,0
6707:0,0,0,0,0,0,0,0,0,0,0,0,0,0
6720:0,0,0,0,0,4,5,3,0,0,0,0,0,0
6724:0,0,0,0,69,0,0,0,0,0,0,0,0,0
6731:0,0,0,4,0,0,0,0,4,0,0,0,0,0
6733:0,0,0,0,4,0,0,0,0,4,0,0,0,0
6735:0,4,0,0,0,0,4,0,0,0,0,0,0,0
6737:0,0,0,0,0,0,0,4,0,0,4,0,0,0
6739:-2,38,32,0,0,0,1,0,0,0,42,0,0,0
6741:0,0,0,0,0,0,0,0,0,0,0,0,0,0
6745:9,14,-2,0,0,0,3,2,1,0,12,0,0,0
6746:10,16,-2,0,0,0,3,2,2,0,13,0,0,0
6750:0,0,0,0,0,0,0,0,0,0,0,0,0,0
6752:0,0,0,0,0,0,0,0,0,0,0,0,0,0
6754:0,0,0,0,0,0,0,0,0,0,0,0,0,0
6760:0,0,11,0,0,0,0,0,0,0,14,0,0,0
6762:0,0,11,0,0,0,0,0,0,0,14,0,0,0
6764:0,0,11,0,0,0,0,0,0,0,14,0,0,0
6773:0,-1,7,4,0,2,3,1,4,0,3,0,0,0
6774:0,-1,7,4,0,2,3,1,4,0,3,0,0,0
6775:0,-1,7,4,0,2,3,1,4,0,3,0,0,0
6776:0,-1,7,4,0,2,3,1,4,0,3,0,0,0
6777:0,-1,7,4,0,2,3,1,4,0,3,0,0,0
6778:0,-1,7,4,0,2,3,1,4,0,3,0,0,0
6779:0,-1,7,4,0,2,3,1,4,0,3,0,0,0
6786:0,0,0,0,0,0,0,0,0,0,0,0,0,0
6787:0,0,0,0,0,0,0,0,0,0,0,0,0,0
6790:0,0,0,0,0,0,0,0,0,0,0,0,0,0
6809:0,0,0,-31,-18,43,45,41,-4,68,0,0,0,0
6817:0,0,0,0,0,0,0,0,0,0,0,0,0,0
6818:0,0,0,0,0,0,0,0,0,0,0,0,0,0
6856:0,0,0,0,0,0,0,0,0,0,0,0,0,0
6857:0,0,0,0,0,0,0,0,0,0,0,0,0,0
6858:0,0,0,0,0,0,0,0,0,0,0,0,0,0
6859:0,0,0,0,0,0,0,0,0,0,0,0,0,0
6860:0,0,0,0,0,0,0,0,0,0,0,0,0,0
6861:0,0,0,0,0,0,0,0,0,0,0,0,0,0
6862:0,0,0,0,0,0,0,0,0,0,0,0,0,0
6863:0,0,0,0,0,0,0,0,0,0,0,0,0,0
6864:0,0,0,0,0,0,0,0,0,0,0,0,0,0
6885:0,0,0,0,0,0,0,0,0,0,0,0,0,0
6886:0,0,0,0,0,0,0,0,0,0,0,0,0,0
6887:0,0,0,0,0,0,0,0,0,0,0,0,0,0
6889:0,0,0,15,0,0,0,0,15,0,0,0,0,0
6908:0,0,0,5,0,0,0,0,5,0,0,0,0,0
6910:0,0,0,10,0,0,0,0,10,0,0,0,0,0
6912:0,0,0,15,0,0,0,0,15,0,0,0,0,0
6914:0,0,0,20,0,0,0,0,20,0,0,0,10,0
6916:0,0,0,22,0,0,0,0,22,0,0,0,0,0
6918:0,0,0,6,0,0,0,0,6,0,0,0,0,0
6920:0,0,0,5,0,0,0,0,5,0,0,0,0,0
6922:0,0,0,5,0,0,0,0,5,0,0,0,0,0
6924:0,0,0,17,0,0,0,0,17,0,0,0,0,0
6956:0,0,0,0,0,0,0,0,0,0,0,0,0,0
6959:0,0,0,0,0,0,1,1,0,2,0,0,0,0
6983:0,0,0,0,0,0,0,0,0,0,0,0,0,0
7003:0,0,0,0,0,0,0,0,0,0,0,0,0,0
7004:0,0,0,0,0,0,0,0,0,0,0,0,0,0
7051:0,0,0,0,0,0,0,0,0,0,0,0,0,0
7053:0,0,0,0,0,0,0,0,0,0,0,0,0,0
7110:0,0,0,0,0,0,0,0,0,0,0,0,0,0
7112:0,0,0,0,0,0,0,0,0,0,0,0,0,0
7114:0,0,0,0,0,0,0,0,0,0,0,0,0,0
7116:0,0,0,0,0,0,0,0,0,0,0,0,0,0
7122:0,0,0,0,0,0,0,0,0,0,0,0,0,0
7124:0,0,0,0,0,0,0,0,0,0,0,0,0,0
7126:0,0,0,0,0,0,0,0,0,0,0,0,0,0
7128:0,0,0,0,0,0,0,0,0,0,0,0,0,0
7130:0,0,0,0,0,0,0,0,0,0,0,0,0,0
7132:0,0,0,0,0,0,0,0,0,0,0,0,0,0
7134:0,0,0,0,0,0,0,0,0,0,0,0,0,0
7136:0,0,0,0,0,0,0,0,0,0,0,0,0,0
7138:0,0,0,0,0,0,0,0,0,0,0,0,0,0
7140:5,20,0,-5,0,6,6,6,0,0,25,0,0,0
7141:3,14,0,-5,0,4,4,4,0,0,22,0,0,0
7142:45,7,-2,0,0,0,1,0,0,0,44,0,0,0
7158:-4,92,80,-4,0,0,0,0,0,-1,93,0,0,0
7159:0,0,0,0,0,1,1,0,0,1,0,0,0,0
7170:0,0,0,0,0,0,0,0,0,0,0,0,0,0
7319:0,0,0,0,0,0,0,0,0,0,0,0,0,0
7321:0,0,0,0,0,0,0,0,0,0,0,0,0,0
7323:0,0,0,0,0,0,0,0,0,0,0,0,0,0
7325:0,0,0,0,0,0,0,0,0,0,0,0,0,0
7327:0,0,0,0,0,0,0,0,0,0,0,0,0,0
7332:0,0,0,-8,-2,17,19,18,-1,18,0,0,0,0
7334:0,0,0,-8,-2,27,31,29,-1,29,0,0,0,0
7336:0,0,0,-8,-2,44,48,46,-1,46,0,0,0,0
7338:0,0,0,-8,-2,17,19,18,-1,18,0,0,0,0
7340:0,0,0,-8,-2,27,31,29,-1,29,0,0,0,0
7342:0,0,0,-8,-2,44,48,46,-1,46,0,0,0,0
7344:0,0,0,-8,-2,17,19,18,-1,18,0,0,0,0
7346:0,0,0,-8,-2,27,31,29,-1,29,0,0,0,0
7348:0,0,0,-8,-2,44,48,46,-1,46,0,0,0,0
7350:0,0,0,-8,-2,17,19,18,-1,18,0,0,0,0
7352:0,0,0,-8,-2,27,31,29,-1,29,0,0,0,0
7354:0,0,0,-8,-2,44,48,46,-1,46,0,0,0,0
7356:0,0,0,-8,-2,17,19,18,-1,18,0,0,0,0
7358:0,0,0,-8,-2,27,31,29,-1,29,0,0,0,0
7360:0,0,0,-8,-2,44,48,46,-1,46,0,0,0,0
7362:0,0,0,-4,8,18,25,22,8,25,0,0,0,0
7364:0,0,0,-4,8,18,25,22,8,25,0,0,0,0
7366:0,0,0,-5,6,15,16,17,6,16,0,0,0,0
7368:0,0,0,-5,6,15,16,17,6,16,0,0,0,0
7370:0,0,0,-15,15,40,32,45,20,40,0,0,0,0
7372:0,0,0,-15,15,40,32,45,20,40,0,0,0,0
7374:0,0,0,-15,20,45,37,50,30,45,0,0,0,0
7376:0,0,0,-15,20,45,37,50,30,45,0,0,0,0
7378:0,0,0,-10,8,22,16,24,8,22,0,0,0,0
7380:0,0,0,-10,8,22,16,24,8,22,0,0,0,0
7382:0,0,0,-10,11,25,19,27,14,25,0,0,0,0
7384:0,0,0,-10,11,25,19,27,14,25,0,0,0,0
7386:0,0,0,1,0,0,0,0,1,0,0,0,0,0
7388:0,0,0,1,0,0,0,0,1,0,0,0,0,0
7390:0,0,0,3,0,0,0,0,3,0,0,0,0,0
7392:0,0,0,3,0,0,0,0,3,0,0,0,0,0
7394:0,0,0,2,0,0,0,0,2,0,0,0,0,0
7396:0,0,0,2,0,0,0,0,2,0,0,0,0,0
7398:0,0,0,15,0,0,0,0,15,0,0,0,0,0
7399:0,0,0,20,0,0,0,0,20,0,0,0,0,0
7400:0,0,0,4,0,0,0,0,4,0,0,0,0,0
7409:7,9,-5,1,0,0,1,0,1,0,1,0,0,0
7410:0,0,0,0,0,0,0,0,0,0,0,0,0,0
7412:0,0,0,0,0,0,0,0,0,0,0,0,0,0
7414:0,0,0,0,0,0,0,0,0,0,0,0,0,0
7421:0,0,0,0,0,0,0,0,0,0,0,0,0,0
7422:0,0,0,0,0,0,0,0,0,0,0,0,0,0
7423:0,0,0,0,0,0,0,0,0,0,0,0,0,0
7424:0,0,0,0,0,0,0,0,0,0,0,0,0,0
7425:0,0,0,0,0,0,0,0,0,0,0,0,0,0
7426:0,0,0,0,0,0,0,0,0,0,0,0,0,0
7427:0,0,0,0,0,0,0,0,0,0,0,0,0,0
7428:0,0,0,0,0,0,0,0,0,0,0,0,0,0
7429:0,0,0,0,0,0,0,0,0,0,0,0,0,0
7430:0,0,0,0,0,0,0,0,0,0,0,0,0,0
7431:0,0,0,0,0,0,0,0,0,0,0,0,0,0
7433:4,5,-2,0,0,0,3,2,0,0,7,0,0,0
7435:5,3,-4,1,0,0,0,0,1,0,4,0,0,0
7437:11,8,-2,0,0,0,2,1,0,0,12,0,0,0
7439:-4,27,21,-4,0,0,0,0,0,-1,22,0,0,0
7441:-4,-4,25,-4,0,0,0,0,0,0,20,0,0,0
7443:20,29,-2,0,0,0,3,2,0,0,31,0,0,0
7445:20,-2,39,0,0,0,0,0,0,0,36,0,0,4
7447:25,12,-4,1,0,0,0,0,1,0,24,0,0,0
7449:-4,-4,53,-4,0,0,0,0,0,0,48,0,0,0
7451:7,45,-2,0,0,0,1,0,0,0,44,0,0,0
7453:1,1,1,1,1,1,1,1,1,1,1,0,0,0
7454:2,2,2,1,2,2,2,2,1,2,2,0,0,0
7455:3,3,3,2,3,3,3,3,2,3,3,0,0,0
7456:4,4,4,2,4,4,4,4,2,4,4,0,0,0
7457:5,5,5,3,5,5,5,5,3,5,5,0,0,0
7458:6,6,6,3,6,6,6,6,3,6,6,0,0,0
7459:7,7,7,4,7,7,7,7,4,7,7,0,0,0
7460:8,8,8,4,8,8,8,8,4,8,8,0,0,0
7461:9,9,9,5,9,9,9,9,5,9,9,0,0,0
7462:12,12,12,6,12,12,12,12,6,12,12,0,0,0
7534:0,0,0,0,0,0,0,0,0,0,0,0,0,0
7535:0,0,0,0,0,0,0,0,0,0,0,0,0,0
7537:0,0,0,0,0,3,4,2,0,0,1,0,0,0
7539:0,0,0,-3,-1,4,5,3,-1,4,0,0,0,0
7572:0,0,0,0,0,0,0,0,0,0,0,0,0,0
7592:0,0,0,0,0,0,0,0,0,0,0,0,0,0
7593:0,0,0,0,0,0,0,0,0,0,0,0,0,0
7594:0,0,0,0,0,0,0,0,0,0,0,0,0,0
7595:0,0,0,0,0,0,0,0,0,0,0,0,0,0
7596:0,0,0,0,0,0,0,0,0,0,0,0,0,0
7637:0,0,0,0,0,0,0,0,0,0,0,0,0,0
7639:0,-1,7,4,0,2,3,1,4,0,3,0,0,0
7640:0,-1,7,4,0,2,3,1,4,0,3,0,0,0
7641:0,-1,7,4,0,2,3,1,4,0,3,0,0,0
7642:0,-1,7,4,0,2,3,1,4,0,3,0,0,0
7643:0,-1,7,4,0,2,3,1,4,0,3,0,0,0
7644:0,-1,7,4,0,2,3,1,4,0,3,0,0,0
7645:0,-1,7,4,0,2,3,1,4,0,3,0,0,0
7646:0,-1,7,4,0,2,3,1,4,0,3,0,0,0
7647:0,-1,7,4,0,2,3,1,4,0,3,0,0,0
7648:0,-1,7,4,0,2,3,1,4,0,3,0,0,0
7668:-4,-4,35,-4,0,0,0,0,0,0,35,0,0,0
7671:0,0,0,0,0,0,1,2,0,0,0,0,0,0
7673:0,0,0,0,0,0,1,2,0,0,0,0,0,0
7675:4,3,-2,0,0,0,2,1,0,0,5,0,0,0
7676:0,0,0,0,0,0,0,0,0,0,0,0,0,0
7679:0,0,0,0,0,0,0,0,0,0,0,0,0,0
7682:0,0,0,0,0,0,0,0,0,0,0,0,0,0
7684:0,0,0,0,0,0,0,0,0,0,0,0,0,0
7686:0,0,0,0,0,0,0,0,0,0,0,0,0,0
7756:0,0,0,0,0,0,0,0,0,0,0,0,0,0
7758:0,0,0,0,0,0,0,0,0,0,0,0,0,0
7773:0,0,0,0,0,0,0,0,0,0,0,0,0,0
7803:0,0,0,0,0,0,0,0,0,0,0,0,0,0
7804:0,0,11,0,0,0,0,0,0,0,14,0,0,0
7806:20,20,20,0,0,0,2,1,0,0,5,0,0,0
7807:20,20,20,0,0,0,0,0,0,-1,13,0,0,0
7808:20,20,20,0,0,0,0,0,0,0,5,0,0,1
7809:20,20,20,0,0,1,1,0,0,0,6,0,0,0
7917:0,0,0,0,-2,19,21,16,0,19,0,0,0,0
7918:0,0,0,0,0,4,4,4,4,4,0,0,0,0
7952:0,0,0,0,0,0,0,0,0,0,0,0,0,0
8464:0,0,0,-6,-2,30,32,27,-1,30,0,0,0,0
8466:0,0,0,-6,-2,30,32,27,-1,30,0,0,0,0
8468:0,0,0,-6,-2,30,32,27,-1,30,0,0,0,0
8470:0,0,0,-6,-2,30,32,27,-1,30,0,0,0,0
8472:0,0,0,-6,-2,30,32,27,-1,30,0,0,0,0
8474:0,0,0,-6,-2,30,32,27,-1,30,0,0,0,0
8476:0,0,0,-6,-2,30,32,27,-1,30,0,0,0,0
8478:0,0,0,-6,-2,30,32,27,-1,30,0,0,0,0
8480:0,0,0,-6,-2,30,32,27,-1,30,0,0,0,0
8482:0,0,0,-6,-2,30,32,27,-1,30,0,0,0,0
8484:0,0,0,-6,-2,30,32,27,-1,30,0,0,0,0
8486:0,0,0,-6,-2,30,32,27,-1,30,0,0,0,0
8488:0,0,0,-6,-2,30,32,27,-1,30,0,0,0,0
8490:0,0,0,-6,-2,30,32,27,-1,30,0,0,0,0
8492:0,0,0,-6,-2,30,32,27,-1,30,0,0,0,0
8494:0,0,0,-6,-2,30,32,27,-1,30,0,0,0,0
8650:0,0,0,0,0,0,0,0,0,0,0,0,0,0
8652:0,0,0,0,0,0,0,0,0,0,0,0,0,0
8654:0,0,0,0,0,0,0,0,0,0,0,0,0,0
8656:0,0,0,0,0,0,0,0,0,0,0,0,0,0
8658:0,0,0,0,0,0,0,0,0,0,0,0,0,0
8660:0,0,0,0,0,0,0,0,0,0,0,0,0,0
8662:0,0,0,0,0,0,0,0,0,0,0,0,0,0
8664:0,0,0,0,0,0,0,0,0,0,0,0,0,0
8666:0,0,0,0,0,0,0,0,0,0,0,0,0,0
8668:0,0,0,0,0,0,0,0,0,0,0,0,0,0
8670:0,0,0,0,0,0,0,0,0,0,0,0,0,0
8672:0,0,0,0,0,0,0,0,0,0,0,0,0,0
8674:0,0,0,0,0,0,0,0,0,0,0,0,0,0
8676:0,0,0,0,0,0,0,0,0,0,0,0,0,0
8678:0,0,0,0,0,0,0,0,0,0,0,0,0,0
8680:0,0,0,0,0,0,0,0,0,0,0,0,0,0
8682:0,0,0,-6,-2,9,10,7,-1,9,0,0,0,0
8684:0,0,0,-6,-2,9,10,7,-1,9,0,0,0,0
8686:0,0,0,-6,-2,9,10,7,-1,9,0,0,0,0
8688:0,0,0,-6,-2,9,10,7,-1,9,0,0,0,0
8690:0,0,0,-6,-2,9,10,7,-1,9,0,0,0,0
8692:0,0,0,-6,-2,9,10,7,-1,9,0,0,0,0
8694:0,0,0,-6,-2,9,10,7,-1,9,0,0,0,0
8696:0,0,0,-6,-2,9,10,7,-1,9,0,0,0,0
8698:0,0,0,-6,-2,9,10,7,-1,9,0,0,0,0
8700:0,0,0,-6,-2,9,10,7,-1,9,0,0,0,0
8702:0,0,0,-6,-2,9,10,7,-1,9,0,0,0,0
8704:0,0,0,-6,-2,9,10,7,-1,9,0,0,0,0
8706:0,0,0,-6,-2,9,10,7,-1,9,0,0,0,0
8708:0,0,0,-6,-2,9,10,7,-1,9,0,0,0,0
8710:0,0,0,-6,-2,9,10,7,-1,9,0,0,0,0
8712:0,0,0,-6,-2,9,10,7,-1,9,0,0,0,0
8714:0,0,0,-8,-2,44,48,46,-1,46,0,0,0,0
8716:0,0,0,-8,-2,44,48,46,-1,46,0,0,0,0
8718:0,0,0,-8,-2,44,48,46,-1,46,0,0,0,0
8720:0,0,0,-8,-2,44,48,46,-1,46,0,0,0,0
8722:0,0,0,-8,-2,44,48,46,-1,46,0,0,0,0
8724:0,0,0,-8,-2,44,48,46,-1,46,0,0,0,0
8726:0,0,0,-8,-2,44,48,46,-1,46,0,0,0,0
8728:0,0,0,-8,-2,44,48,46,-1,46,0,0,0,0
8730:0,0,0,-8,-2,44,48,46,-1,46,0,0,0,0
8732:0,0,0,-8,-2,44,48,46,-1,46,0,0,0,0
8734:0,0,0,-8,-2,44,48,46,-1,46,0,0,0,0
8736:0,0,0,-8,-2,44,48,46,-1,46,0,0,0,0
8738:0,0,0,-8,-2,44,48,46,-1,46,0,0,0,0
8740:0,0,0,-8,-2,44,48,46,-1,46,0,0,0,0
8742:0,0,0,-8,-2,44,48,46,-1,46,0,0,0,0
8744:0,0,0,-8,-2,44,48,46,-1,46,0,0,0,0
8746:0,0,0,-8,-2,13,15,14,-1,14,0,0,0,0
8748:0,0,0,-8,-2,13,15,14,-1,14,0,0,0,0
8750:0,0,0,-8,-2,13,15,14,-1,14,0,0,0,0
8752:0,0,0,-8,-2,13,15,14,-1,14,0,0,0,0
8754:0,0,0,-8,-2,13,15,14,-1,14,0,0,0,0
8756:0,0,0,-8,-2,13,15,14,-1,14,0,0,0,0
8758:0,0,0,-8,-2,13,15,14,-1,14,0,0,0,0
8760:0,0,0,-8,-2,13,15,14,-1,14,0,0,0,0
8762:0,0,0,-8,-2,13,15,14,-1,14,0,0,0,0
8764:0,0,0,-8,-2,13,15,14,-1,14,0,0,0,0
8766:0,0,0,-8,-2,13,15,14,-1,14,0,0,0,0
8768:0,0,0,-8,-2,13,15,14,-1,14,0,0,0,0
8770:0,0,0,-8,-2,13,15,14,-1,14,0,0,0,0
8772:0,0,0,-8,-2,13,15,14,-1,14,0,0,0,0
8774:0,0,0,-8,-2,13,15,14,-1,14,0,0,0,0
8776:0,0,0,-8,-2,13,15,14,-1,14,0,0,0,0
8794:0,0,0,0,0,0,0,0,0,0,0,0,0,0
8798:0,0,0,0,0,0,0,0,0,0,0,0,0,0
8799:0,0,0,0,0,0,0,0,0,0,0,0,0,0
8800:0,0,0,0,0,0,0,0,0,0,0,0,0,0
8801:0,0,0,0,0,0,0,0,0,0,0,0,0,0
8802:0,0,0,0,0,0,0,0,0,0,0,0,0,0
8803:0,0,0,0,0,0,0,0,0,0,0,0,0,0
8804:0,0,0,0,0,0,0,0,0,0,0,0,0,0
8805:0,0,0,0,0,0,0,0,0,0,0,0,0,0
8806:0,0,0,0,0,0,0,0,0,0,0,0,0,0
8807:0,0,0,0,0,0,0,0,0,0,0,0,0,0
8808:0,0,0,0,0,0,0,0,0,0,0,0,0,0
8809:0,0,0,0,0,0,0,0,0,0,0,0,0,0
8810:0,0,0,0,0,0,0,0,0,0,0,0,0,0
8811:0,0,0,0,0,0,0,0,0,0,0,0,0,0
8812:0,0,0,0,0,0,0,0,0,0,0,0,0,0
8813:0,0,0,0,0,0,0,0,0,0,0,0,0,0
8814:0,0,0,0,0,0,0,0,0,0,0,0,0,0
8815:0,0,0,0,0,0,0,0,0,0,0,0,0,0
8816:0,0,0,0,0,0,0,0,0,0,0,0,0,0
8817:0,0,0,0,0,0,0,0,0,0,0,0,0,0
8818:0,0,0,0,0,0,0,0,0,0,0,0,0,0
8819:0,0,0,0,0,0,0,0,0,0,0,0,0,0
8820:0,0,0,0,0,0,0,0,0,0,0,0,0,0
8821:0,0,0,0,0,0,0,0,0,0,0,0,0,0
8822:0,0,0,0,0,0,0,0,0,0,0,0,0,0
8823:0,0,0,0,0,0,0,0,0,0,0,0,0,0
8824:0,0,0,0,0,0,0,0,0,0,0,0,0,0
8825:0,0,0,0,0,0,0,0,0,0,0,0,0,0
8826:0,0,0,0,0,0,0,0,0,0,0,0,0,0
8827:0,0,0,0,0,0,0,0,0,0,0,0,0,0
8829:0,0,0,0,0,0,0,0,0,0,0,0,0,0
8830:0,0,0,0,0,0,0,0,0,0,0,0,0,0
8831:0,0,0,0,0,0,0,0,0,0,0,0,0,0
8832:0,0,0,0,0,0,0,0,0,0,0,0,0,0
8833:0,0,0,0,0,0,0,0,0,0,0,0,0,0
8834:0,0,0,0,0,0,0,0,0,0,0,0,0,0
8835:0,0,0,0,0,0,0,0,0,0,0,0,0,0
8839:0,0,0,0,0,45,45,45,45,45,0,0,0,0
8840:0,0,0,0,0,30,30,30,30,30,0,0,0,0
8841:22,0,41,8,0,2,2,2,2,2,38,0,10,6
8842:0,0,0,0,0,6,6,6,6,6,0,0,0,0
8844:3,2,1,-3,-2,3,2,1,-3,-2,0,0,0,0
8845:5,4,3,-3,-2,5,4,3,-3,-2,0,0,0,0
8846:7,6,5,-3,-2,7,6,5,-3,-2,1,0,0,0
8847:9,8,7,-3,-2,9,8,7,-3,-2,2,0,0,0
8848:10,9,8,-3,-2,10,9,8,-3,-2,3,0,0,0
8849:13,12,11,-3,-2,13,12,11,-3,-2,4,0,0,0
8850:20,19,18,-3,-2,20,19,18,-3,-2,5,0,0,0
8856:0,0,0,-6,-2,8,9,7,0,8,0,0,0,0
8860:0,0,0,0,0,0,0,0,0,0,0,0,0,0
8861:0,0,0,0,0,0,0,0,0,0,0,0,0,0
8862:0,0,0,0,0,0,0,0,0,0,0,0,0,0
8863:0,0,0,0,0,0,0,0,0,0,0,0,0,0
8864:0,0,0,0,0,0,0,0,0,0,0,0,0,0
8871:0,0,0,0,0,0,0,0,0,0,0,0,0,0
8872:5,3,-4,1,0,0,0,0,1,0,4,0,0,0
8874:5,3,-4,1,0,0,0,0,1,0,4,0,0,0
8876:5,3,-4,1,0,0,0,0,1,0,4,0,0,0
8878:5,3,-4,1,0,0,0,0,1,0,4,0,0,0
8880:0,0,0,0,42,0,0,0,0,0,0,0,0,0
8882:0,0,0,0,0,0,0,0,0,0,0,49,0,0
8901:0,0,0,-3,-1,9,10,8,-1,9,0,0,0,0
8903:0,0,0,-3,-1,9,10,8,-1,9,0,0,0,0
8905:0,0,0,-3,-1,9,10,8,-1,9,0,0,0,0
8907:0,0,0,-3,-1,9,10,8,-1,9,0,0,0,0
8909:0,0,0,-3,-1,9,10,8,-1,9,0,0,0,0
8911:0,0,0,-3,-1,9,10,8,-1,9,0,0,0,0
8913:0,0,0,-3,-1,9,10,8,-1,9,0,0,0,0
8915:0,0,0,-3,-1,9,10,8,-1,9,0,0,0,0
8917:0,0,0,-3,-1,9,10,8,-1,9,0,0,0,0
8919:0,0,0,-3,-1,9,10,8,-1,9,0,0,0,0
8921:0,0,0,-3,-1,9,10,8,-1,9,0,0,0,0
8923:0,0,0,1,0,0,0,0,0,0,0,0,0,1
8924:0,0,0,0,0,0,0,0,0,0,0,0,0,0
8925:0,0,0,0,0,0,0,0,0,0,0,0,0,0
8926:0,0,0,0,0,0,0,0,0,0,0,0,0,0
8927:0,0,0,0,0,0,0,0,0,0,0,0,0,0
8928:0,0,0,0,0,0,0,0,0,0,0,0,0,0
8929:0,0,0,0,0,3,5,3,0,0,1,0,0,0
8949:0,0,0,0,0,0,0,0,0,0,0,0,0,0
8950:0,0,0,0,0,0,0,0,0,0,0,0,0,0
8952:0,0,0,0,0,0,0,0,0,0,0,0,0,0
8953:0,0,0,0,0,0,0,0,0,0,0,0,0,0
8954:0,0,0,0,0,0,0,0,0,0,0,0,0,0
8955:0,0,0,0,0,0,0,0,0,0,0,0,0,0
8956:0,0,0,0,0,0,0,0,0,0,0,0,0,0
8957:0,0,0,0,0,0,0,0,0,0,0,0,0,0
8958:0,0,0,0,0,0,0,0,0,0,0,0,0,0
8959:0,0,0,0,0,0,0,0,0,0,0,0,0,0
8960:0,0,0,0,0,0,0,0,0,0,0,0,0,0
8961:0,0,0,0,0,0,0,0,0,0,0,0,0,0
8962:0,0,0,0,0,0,0,0,0,0,0,0,0,0
8963:0,0,0,0,0,0,0,0,0,0,0,0,0,0
8964:0,0,0,0,0,0,0,0,0,0,0,0,0,0
8965:0,0,0,0,0,0,0,0,0,0,0,0,0,0
8966:0,0,0,0,0,0,0,0,0,0,0,0,0,0
8967:0,0,0,0,0,0,0,0,0,0,0,0,0,0
8968:0,0,0,0,0,0,0,0,0,0,0,0,0,0
8969:0,0,0,0,0,0,0,0,0,0,0,0,0,0
8970:0,0,0,0,0,0,0,0,0,0,0,0,0,0
8971:0,0,0,0,0,0,0,0,0,0,0,0,0,0
8987:0,0,0,0,0,0,0,0,0,0,0,0,0,0
8991:0,0,0,0,0,0,0,0,0,0,0,0,0,0
8992:0,0,0,0,0,0,0,0,0,0,0,0,0,0
8993:0,0,0,0,0,0,0,0,0,0,0,0,0,0
8994:0,0,0,0,0,0,0,0,0,0,0,0,0,0
8995:0,0,0,0,0,0,0,0,0,0,0,0,0,0
8996:0,0,0,0,0,0,0,0,0,0,0,0,0,0
8997:0,0,0,0,0,0,0,0,0,0,0,0,0,0
9005:0,0,0,-3,-1,1,2,3,0,0,0,0,0,0
9006:0,0,0,-3,-1,1,2,3,0,0,0,0,0,0
9013:0,-1,7,4,0,2,3,1,4,0,3,0,0,0
9020:0,0,0,0,0,0,0,0,0,0,0,0,0,0
9044:7,-1,25,10,0,2,3,1,10,0,32,0,0,0
9046:7,-1,25,10,0,2,3,1,10,0,32,0,0,0
9048:7,-1,25,10,0,2,3,1,10,0,32,0,0,0
9050:7,-1,25,10,0,2,3,1,10,0,32,0,0,0
9054:0,0,0,0,0,0,0,0,0,0,0,0,0,0
9055:0,0,0,0,0,0,0,0,0,0,0,0,0,0
9056:0,0,0,0,0,0,0,0,0,0,0,0,0,0
9057:0,0,0,0,0,0,0,0,0,0,0,0,0,0
9058:0,0,0,0,0,0,0,0,0,0,0,0,0,0
9059:0,0,0,0,0,0,0,0,0,0,0,0,0,0
9065:0,0,0,0,0,0,0,0,0,0,0,0,0,0
9068:0,0,0,3,-5,3,3,3,3,-5,0,0,0,0
9069:0,0,0,3,-5,3,3,3,3,-5,0,0,0,0
9070:0,0,0,5,-10,5,5,5,5,-10,0,0,0,0
9071:0,0,0,5,-7,5,5,5,5,-7,0,0,0,0
9072:0,0,0,2,-5,2,2,2,2,-5,0,0,0,0
9073:0,0,0,2,-5,2,2,2,2,-5,0,0,0,0
9074:0,0,0,2,-2,0,1,1,2,-2,0,0,0,0
9083:0,0,0,0,0,0,0,0,0,0,0,0,0,0
9084:3,2,16,13,0,2,3,2,13,1,15,0,0,3
9091:-1,-1,10,10,0,2,3,1,10,0,10,0,0,0
9092:-1,-1,10,10,0,2,3,1,10,0,10,0,0,0
9093:-1,-1,10,10,0,2,3,1,10,0,10,0,0,0
9096:0,0,0,3,-2,8,7,10,2,0,0,0,0,0
9097:0,0,0,10,-10,34,22,40,12,0,0,0,0,0
9098:0,0,0,7,-7,20,19,23,9,0,0,0,0,0
9099:0,0,0,4,-1,2,1,1,2,0,0,0,0,0
9100:0,0,0,2,-1,1,2,2,2,0,0,0,0,0
9101:0,0,0,0,0,0,1,1,0,2,0,0,0,0
9102:0,0,0,1,0,0,0,0,1,0,0,0,0,0
9104:0,0,0,2,0,0,0,0,2,0,0,0,0,0
9106:0,0,0,0,0,0,0,0,0,0,0,0,0,0
9139:0,0,0,0,0,0,0,0,0,0,0,28,0,0
9140:0,0,0,0,0,0,0,0,0,0,0,46,0,0
9141:0,0,0,0,0,0,0,0,0,0,0,64,0,0
9142:0,0,0,0,0,0,0,0,0,0,0,82,0,0
9143:0,0,0,0,0,0,0,0,0,0,0,100,0,0
9144:0,0,0,0,0,0,0,0,0,0,0,115,0,0
9145:0,0,0,0,0,0,0,0,0,0,0,36,0,0
9174:0,0,0,0,18,0,0,0,0,0,0,0,0,0
9176:0,0,0,0,30,0,0,0,0,0,0,0,0,0
9177:0,0,0,0,42,0,0,0,0,0,0,0,0,0
9179:0,0,0,0,54,0,0,0,0,0,0,0,0,0
9181:0,0,0,0,66,0,0,0,0,0,0,0,0,0
9183:0,0,0,0,78,0,0,0,0,0,0,0,0,0
9185:0,0,0,0,90,0,0,0,0,0,0,0,0,0
9236:0,0,0,0,0,0,0,0,0,0,0,14,0,0
9237:0,0,0,0,0,0,0,0,0,0,0,30,0,0
9238:0,0,0,0,0,0,0,0,0,0,0,48,0,0
9239:0,0,0,0,0,0,0,0,0,0,0,66,0,0
9240:0,0,0,0,0,0,0,0,0,0,0,83,0,0
9241:0,0,0,0,0,0,0,0,0,0,0,85,0,0
9242:0,0,0,0,0,0,0,0,0,0,0,103,0,0
9243:0,0,0,0,0,0,0,0,0,0,0,105,0,0
9244:0,0,0,0,0,0,0,0,0,0,0,117,0,0
9245:0,0,0,0,0,0,0,0,0,0,0,120,0,0
9286:0,0,0,0,0,0,0,0,0,0,0,28,0,0
9287:0,0,0,0,0,0,0,0,0,0,0,46,0,0
9288:0,0,0,0,0,0,0,0,0,0,0,64,0,0
9289:0,0,0,0,0,0,0,0,0,0,0,82,0,0
9290:0,0,0,0,0,0,0,0,0,0,0,100,0,0
9291:0,0,0,0,0,0,0,0,0,0,0,115,0,0
9292:0,0,0,0,0,0,0,0,0,0,0,36,0,0
9293:0,0,0,0,0,0,0,0,0,0,0,28,0,0
9294:0,0,0,0,0,0,0,0,0,0,0,46,0,0
9295:0,0,0,0,0,0,0,0,0,0,0,64,0,0
9296:0,0,0,0,0,0,0,0,0,0,0,82,0,0
9297:0,0,0,0,0,0,0,0,0,0,0,100,0,0
9298:0,0,0,0,0,0,0,0,0,0,0,115,0,0
9299:0,0,0,0,0,0,0,0,0,0,0,36,0,0
9300:0,0,0,0,0,0,0,0,0,0,0,28,0,0
9301:0,0,0,0,0,0,0,0,0,0,0,46,0,0
9302:0,0,0,0,0,0,0,0,0,0,0,64,0,0
9303:0,0,0,0,0,0,0,0,0,0,0,82,0,0
9304:0,0,0,0,0,0,0,0,0,0,0,100,0,0
9305:0,0,0,0,0,0,0,0,0,0,0,115,0,0
9306:0,0,0,0,0,0,0,0,0,0,0,36,0,0
9335:0,0,0,0,0,0,0,0,0,0,0,30,0,0
9336:0,0,0,0,0,0,0,0,0,0,0,66,0,0
9337:0,0,0,0,0,0,0,0,0,0,0,83,0,0
9338:0,0,0,0,0,0,0,0,0,0,0,85,0,0
9339:0,0,0,0,0,0,0,0,0,0,0,103,0,0
9340:0,0,0,0,0,0,0,0,0,0,0,105,0,0
9341:0,0,0,0,0,0,0,0,0,0,0,117,0,0
9342:0,0,0,0,0,0,0,0,0,0,0,120,0,0
9419:0,0,0,0,0,0,0,0,0,0,0,0,0,0
9420:0,0,0,0,0,0,0,0,0,0,0,0,0,0
9422:0,0,0,0,0,0,0,0,0,0,0,0,0,0
9423:0,0,0,0,0,0,0,0,0,0,0,0,0,0
9425:0,0,0,0,0,0,0,0,0,0,0,0,0,0
9427:0,0,0,0,0,0,0,0,0,0,0,0,0,0
9429:0,0,0,0,0,0,0,0,0,0,0,0,0,0
9431:0,0,0,0,0,0,0,0,0,0,0,0,0,0
9440:0,0,0,0,0,0,0,0,0,0,0,0,0,0
9442:0,0,0,0,0,0,0,0,0,0,0,0,0,0
9444:0,0,0,0,0,0,0,0,0,0,0,0,0,0
9446:0,0,0,0,0,0,0,0,0,0,0,0,0,0
9448:0,0,0,0,0,0,0,0,0,0,0,0,0,0
9450:0,0,0,0,0,0,0,0,0,0,0,0,0,0
9452:0,0,0,0,0,0,0,0,0,0,0,0,0,0
9470:0,0,0,0,0,0,0,0,0,0,0,0,0,0
9472:0,0,0,0,0,0,0,0,0,0,0,0,0,0
9625:0,0,0,0,0,0,0,0,0,0,0,0,0,0
9629:0,0,0,-6,-2,9,10,7,-1,9,0,0,0,0
9634:0,0,0,0,0,0,2,2,0,0,0,0,0,0
9636:0,0,0,0,0,0,2,2,0,0,0,0,0,0
9638:0,0,0,0,0,0,2,2,0,0,0,0,0,0
9640:0,0,0,0,0,0,2,2,0,0,0,0,0,0
9642:0,0,0,0,0,0,2,2,0,0,0,0,0,0
9644:0,0,0,0,0,0,2,2,0,0,0,0,0,0
9665:0,0,0,0,0,0,0,0,0,0,0,0,0,0
9672:0,0,0,-6,-2,19,21,16,-1,19,0,0,0,4
9674:0,0,0,-30,-10,65,63,55,-6,63,0,0,0,8
9676:0,0,0,-21,-7,33,31,29,-4,31,0,0,0,5
9678:0,0,0,-21,-7,33,31,29,-4,31,0,0,0,5
9702:0,0,0,0,0,0,0,0,0,0,0,0,0,0
9703:4,3,-2,0,0,0,2,1,0,0,5,0,0,0
9704:0,0,0,0,0,4,5,3,1,4,0,0,0,0
9705:0,0,0,0,8,0,0,0,0,0,0,0,0,0
9706:0,0,0,0,0,0,0,0,0,0,0,7,0,0
9729:0,0,0,0,0,0,0,0,4,0,0,0,0,0
9731:0,0,0,0,0,0,0,0,9,0,0,0,0,0
9733:0,0,0,0,0,0,0,0,6,0,0,0,0,0
9747:0,0,0,0,0,9,9,9,9,9,0,0,0,0
9748:0,0,0,0,0,9,9,9,9,9,0,0,0,4
9749:0,0,0,0,0,0,0,0,0,0,0,0,0,0
9750:0,0,0,0,0,9,9,9,9,9,0,0,0,0
9751:0,0,0,0,0,9,9,9,9,9,0,0,0,4
9752:0,0,0,0,0,0,0,0,0,0,0,0,0,0
9753:0,0,0,0,0,9,9,9,9,9,0,0,0,0
9754:0,0,0,0,0,9,9,9,9,9,0,0,0,4
9755:0,0,0,0,0,0,0,0,0,0,0,0,0,0
9756:0,0,0,0,0,9,9,9,9,9,0,0,0,0
9757:0,0,0,0,0,9,9,9,9,9,0,0,0,4
9758:0,0,0,0,0,0,0,0,0,0,0,0,0,0
9759:0,0,0,0,0,9,9,9,9,9,0,0,0,0
9760:0,0,0,0,0,9,9,9,9,9,0,0,0,4
9761:0,0,0,0,0,0,0,0,0,0,0,0,0,0
9762:0,0,0,0,0,9,9,9,9,9,0,0,0,0
9763:0,0,0,0,0,9,9,9,9,9,0,0,0,4
9764:0,0,0,0,0,0,0,0,0,0,0,0,0,0
9765:0,0,0,0,0,9,9,9,9,9,0,0,0,0
9766:0,0,0,0,0,9,9,9,9,9,0,0,0,4
9767:0,0,0,0,0,0,0,0,0,0,0,0,0,0
9768:0,0,0,0,0,9,9,9,9,9,0,0,0,0
9769:0,0,0,0,0,9,9,9,9,9,0,0,0,4
9770:0,0,0,0,0,0,0,0,0,0,0,0,0,0
9771:0,0,0,0,0,9,9,9,9,9,0,0,0,0
9772:0,0,0,0,0,9,9,9,9,9,0,0,0,4
9773:0,0,0,0,0,0,0,0,0,0,0,0,0,0
9774:0,0,0,0,0,9,9,9,9,9,0,0,0,0
9775:0,0,0,0,0,9,9,9,9,9,0,0,0,4
9776:0,0,0,0,0,0,0,0,0,0,0,0,0,0
9777:0,0,0,0,0,9,9,9,9,9,0,0,0,0
9778:0,0,0,0,0,9,9,9,9,9,0,0,0,4
9779:0,0,0,0,0,0,0,0,0,0,0,0,0,0
9780:0,0,0,0,0,9,9,9,9,9,0,0,0,0
9781:0,0,0,0,0,9,9,9,9,9,0,0,0,4
9782:0,0,0,0,0,0,0,0,0,0,0,0,0,0
9783:0,0,0,0,0,9,9,9,9,9,0,0,0,0
9784:0,0,0,0,0,9,9,9,9,9,0,0,0,4
9785:0,0,0,0,0,0,0,0,0,0,0,0,0,0
9786:0,0,0,0,0,9,9,9,9,9,0,0,0,0
9787:0,0,0,0,0,9,9,9,9,9,0,0,0,4
9788:0,0,0,0,0,0,0,0,0,0,0,0,0,0
9789:0,0,0,0,0,9,9,9,9,9,0,0,0,0
9790:0,0,0,0,0,9,9,9,9,9,0,0,0,4
9791:0,0,0,0,0,0,0,0,0,0,0,0,0,0
9792:0,0,0,0,0,9,9,9,9,9,0,0,0,0
9793:0,0,0,0,0,9,9,9,9,9,0,0,0,4
9794:0,0,0,0,0,0,0,0,0,0,0,0,0,0
9795:0,0,0,0,0,9,9,9,9,9,0,0,0,0
9796:0,0,0,0,0,9,9,9,9,9,0,0,0,4
9797:0,0,0,0,0,0,0,0,0,0,0,0,0,0
9798:0,0,0,0,0,9,9,9,9,9,0,0,0,0
9799:0,0,0,0,0,9,9,9,9,9,0,0,0,4
9800:0,0,0,0,0,0,0,0,0,0,0,0,0,0
9801:0,0,0,0,0,9,9,9,9,9,0,0,0,0
9802:0,0,0,0,0,9,9,9,9,9,0,0,0,4
9803:0,0,0,0,0,0,0,0,0,0,0,0,0,0
9804:0,0,0,0,0,9,9,9,9,9,0,0,0,0
9805:0,0,0,0,0,9,9,9,9,9,0,0,0,4
9806:0,0,0,0,0,0,0,0,0,0,0,0,0,0
9807:0,0,0,0,0,9,9,9,9,9,0,0,0,0
9808:0,0,0,0,0,9,9,9,9,9,0,0,0,4
9809:0,0,0,0,0,0,0,0,0,0,0,0,0,0
9810:0,0,0,0,0,9,9,9,9,9,0,0,0,0
9811:0,0,0,0,0,9,9,9,9,9,0,0,0,4
9812:0,0,0,0,0,0,0,0,0,0,0,0,0,0
9813:0,0,0,0,0,9,9,9,9,9,0,0,0,0
9814:0,0,0,0,0,0,0,0,0,0,0,0,0,0
9815:0,0,0,0,0,0,0,0,0,0,0,0,0,0
9816:0,0,0,0,0,0,0,0,0,0,0,0,0,0
9898:0,0,0,0,0,0,0,0,0,0,0,0,0,0
9899:0,0,0,0,0,0,0,0,0,0,0,0,0,0
9905:0,0,0,0,0,0,0,0,0,0,0,0,0,0
9906:0,0,0,0,0,0,0,0,0,0,0,0,0,0
9907:0,0,0,0,0,0,0,0,0,0,0,0,0,0
9908:0,0,0,0,0,0,0,0,0,0,0,0,0,0
9909:0,0,0,0,0,0,0,0,0,0,0,0,0,0
9910:0,0,0,0,0,0,0,0,0,0,0,0,0,0
9911:0,0,0,0,0,0,0,0,0,0,0,0,0,0
9912:0,0,0,0,0,0,0,0,0,0,0,0,0,0
9913:0,0,0,0,0,0,0,0,0,0,0,0,0,0
9914:0,0,0,0,0,0,0,0,0,0,0,0,0,0
9915:0,0,0,0,0,0,0,0,0,0,0,0,0,0
9916:0,0,0,0,0,0,0,0,0,0,0,0,0,0
9917:0,0,0,0,0,0,0,0,0,0,0,0,0,0
9918:0,0,0,0,0,0,0,0,0,0,0,0,0,0
9920:0,0,0,0,0,0,0,0,0,0,0,0,0,0
9921:0,0,0,0,0,0,0,0,0,0,0,0,0,0
9922:0,0,0,0,0,0,0,0,0,0,0,0,0,0
9923:0,0,0,0,0,0,0,0,0,0,0,0,0,0
9924:0,0,0,0,0,0,0,0,0,0,0,0,0,0
9925:0,0,0,0,0,0,0,0,0,0,0,0,0,0
9926:0,0,0,0,0,0,0,0,0,0,0,0,0,0
9927:0,0,0,0,0,0,0,0,0,0,0,0,0,0
9928:0,0,0,0,0,0,0,0,0,0,0,0,0,0
9929:0,0,0,0,0,0,0,0,0,0,0,0,0,0
9930:0,0,0,0,0,0,0,0,0,0,0,0,0,0
9931:0,0,0,0,0,0,0,0,0,0,0,0,0,0
9943:0,0,0,0,0,0,0,0,0,0,0,0,0,0
9944:0,0,0,0,0,0,0,0,0,0,0,0,0,0
9945:0,0,0,0,0,0,0,0,0,0,0,0,0,0
9946:0,0,0,0,0,0,0,0,0,0,0,0,0,0
9948:0,0,0,0,0,9,9,9,9,9,0,0,0,0
9949:0,0,0,0,0,9,9,9,9,9,0,0,0,4
9950:0,0,0,0,0,0,0,0,0,0,0,0,0,0
10010:0,0,0,0,0,0,0,0,0,0,0,0,0,0
10022:0,0,0,0,0,0,0,0,0,0,0,0,0,0
10023:0,0,0,0,0,0,1,1,0,0,0,0,0,0
10024:0,0,0,0,0,0,1,1,0,0,0,0,0,0
10029:7,8,0,-4,0,-1,1,2,0,0,8,0,0,0
10033:0,0,0,0,45,0,0,0,0,0,0,0,0,0
10034:0,0,0,0,70,0,0,0,0,0,0,15,0,0
10035:0,0,0,0,-7,11,10,10,0,10,0,0,0,0
10037:0,0,0,0,0,10,15,19,0,12,0,0,0,0
10039:0,0,0,0,-1,4,5,3,0,4,0,0,0,0
10041:0,0,0,0,-7,11,10,10,0,10,0,0,0,0
10043:0,0,0,0,0,10,15,19,0,12,0,0,0,0
10045:0,0,0,0,-1,4,5,3,0,4,0,0,0,0
10047:0,0,0,0,-7,11,10,10,0,10,0,0,0,0
10049:0,0,0,0,0,10,15,19,0,12,0,0,0,0
10051:0,0,0,0,-1,4,5,3,0,4,0,0,0,0
10053:0,0,0,0,0,10,15,19,0,12,0,0,0,0
10055:0,0,0,0,-7,11,10,10,0,10,0,0,0,0
10057:0,0,0,0,0,10,15,19,0,12,0,0,0,0
10059:0,0,0,0,-7,11,10,10,0,10,0,0,0,0
10061:0,0,0,0,0,10,15,19,0,12,0,0,0,0
10063:0,0,0,0,-7,11,10,10,0,10,0,0,0,0
10065:0,0,0,0,0,10,15,19,0,12,0,0,0,0
10067:0,0,0,0,-7,11,10,10,0,10,0,0,0,0
10069:0,0,0,0,0,0,1,1,0,2,0,0,0,0
10071:0,0,0,0,0,0,1,1,0,2,0,0,0,0
10073:0,0,0,0,0,0,1,1,0,2,0,0,0,0
10074:0,0,0,0,0,0,1,1,0,2,0,0,0,0
10075:0,0,0,0,0,0,1,2,0,0,0,0,0,0
10077:0,0,0,0,4,2,2,1,0,0,2,0,0,0
10079:0,0,0,-10,8,3,2,4,2,0,2,0,0,0
10081:0,0,0,-10,9,4,3,5,4,0,2,0,0,0
10083:0,0,0,-10,10,5,4,6,6,0,2,0,0,0
10085:0,0,0,-10,11,6,5,7,8,0,2,0,0,0
10129:9,4,-4,0,0,0,0,0,0,0,6,0,0,0
10131:0,0,0,0,0,0,0,0,0,0,0,0,0,0
10132:0,0,0,0,0,0,0,0,0,0,0,0,0,0
10142:0,0,0,0,0,0,0,0,0,0,0,16,0,0
10143:0,0,0,0,0,0,0,0,0,0,0,22,0,0
10144:0,0,0,0,0,0,0,0,0,0,0,31,0,0
10145:0,0,0,0,0,0,0,0,0,0,0,49,0,0
10146:0,19,0,0,29,0,0,0,0,0,31,0,0,0
10147:0,37,0,0,47,0,0,0,0,0,49,0,0,0
10148:0,59,0,0,69,0,0,0,0,0,71,0,0,0
10149:0,10,0,0,20,0,0,0,0,0,22,0,0,0
10150:0,0,0,0,0,0,0,0,0,0,0,0,0,0
10152:0,0,0,0,0,0,0,0,0,0,0,0,0,0
10153:0,0,0,0,0,0,0,0,0,0,0,0,0,0
10154:0,0,0,0,0,0,0,0,0,0,0,0,0,0
10155:0,0,0,0,0,0,0,0,0,0,0,0,0,0
10156:0,0,0,0,55,0,0,0,0,0,0,0,0,0
10158:0,0,0,0,0,0,0,0,0,0,0,28,0,0
10159:0,0,0,0,0,0,0,0,0,0,0,38,0,0
10171:0,0,0,0,0,0,0,0,0,0,0,0,0,0
10172:0,0,0,0,0,0,0,0,0,0,0,0,0,0
10280:0,0,0,0,22,0,0,0,0,0,0,0,0,0
10282:0,0,0,0,49,0,0,0,0,0,0,0,0,0
10284:0,0,0,0,71,0,0,0,0,0,0,0,0,0
10286:0,0,0,-6,-2,30,32,27,-1,30,0,0,0,0
10288:0,0,0,-6,-2,30,32,27,-1,30,0,0,0,0
10290:0,0,0,-6,-2,30,32,27,-1,30,0,0,0,0
10292:0,0,0,-6,-2,30,32,27,-1,30,0,0,0,0
10294:0,0,0,-6,-2,30,32,27,-1,30,0,0,0,0
10296:0,0,0,-6,-2,19,21,16,-1,19,0,0,0,0
10298:0,0,0,-6,-2,19,21,16,-1,19,0,0,0,0
10300:0,0,0,-6,-2,19,21,16,-1,19,0,0,0,0
10302:0,0,0,-6,-2,19,21,16,-1,19,0,0,0,0
10304:0,0,0,-6,-2,19,21,16,-1,19,0,0,0,0
10306:0,0,0,-6,-2,12,13,10,-1,12,0,0,0,0
10308:0,0,0,-6,-2,12,13,10,-1,12,0,0,0,0
10310:0,0,0,-6,-2,12,13,10,-1,12,0,0,0,0
10312:0,0,0,-6,-2,12,13,10,-1,12,0,0,0,0
10314:0,0,0,-6,-2,12,13,10,-1,12,0,0,0,0
10316:0,0,0,0,0,0,0,0,0,0,0,0,0,0
10318:0,0,0,0,0,0,0,0,0,0,0,0,0,0
10320:0,0,0,0,0,0,0,0,0,0,0,0,0,0
10322:0,0,0,0,0,0,0,0,0,0,0,0,0,0
10324:0,0,0,0,0,0,0,0,0,0,0,0,0,0
10330:0,0,0,-15,30,55,47,60,60,55,0,0,0,0
10332:0,0,0,-10,17,31,25,33,30,31,0,0,0,0
10334:0,0,0,-2,9,4,7,10,5,8,0,0,0,0
10336:0,0,0,-10,11,6,5,7,9,0,0,0,0,0
10338:0,0,0,24,0,0,0,0,24,0,0,0,0,0
10340:0,0,0,19,0,0,0,0,19,0,0,0,0,0
10342:0,0,0,8,0,0,0,0,8,0,0,0,0,0
10344:0,0,0,15,0,0,0,0,10,0,0,0,0,0
10346:0,0,0,-25,-2,78,76,83,-5,75,0,0,0,0
10348:0,0,0,-20,0,96,108,113,-4,97,0,0,0,0
10350:0,0,0,-5,-2,47,49,43,-3,48,0,0,0,0
10352:0,0,0,-10,-4,63,65,61,-3,63,0,0,0,0
10354:10,10,10,10,10,3,3,3,3,3,6,0,0,3
10356:10,10,10,10,10,3,3,3,3,3,6,0,0,3
10358:10,10,10,10,10,3,3,3,3,3,6,0,0,3
10360:10,10,10,10,10,3,3,3,3,3,6,0,0,3
10362:10,10,10,10,10,3,3,3,3,3,6,0,0,3
10364:0,0,0,0,0,0,0,0,0,0,10,0,0,0
10366:0,0,0,10,0,0,0,0,0,0,0,0,0,0
10368:0,0,0,-10,11,6,5,7,8,0,0,0,0,0
10370:0,0,0,-15,30,55,47,60,50,55,0,0,0,0
10372:0,0,0,-10,17,31,25,33,28,31,0,0,0,0
10374:0,0,0,-1,7,4,7,10,4,8,0,0,0,0
10376:0,0,0,-10,11,6,5,7,8,0,0,0,0,0
10378:0,0,0,-15,30,55,47,60,50,55,0,0,0,0
10380:0,0,0,-10,17,31,25,33,28,31,0,0,0,0
10382:0,0,0,-1,7,4,7,10,4,8,0,0,0,0
10384:0,0,0,-10,11,6,5,7,8,0,0,0,0,0
10386:0,0,0,-15,30,55,47,60,50,55,0,0,0,0
10388:0,0,0,-10,17,31,25,33,28,31,0,0,0,0
10390:0,0,0,-1,7,4,7,10,4,8,0,0,0,0
10392:0,0,0,0,0,0,0,0,0,0,0,0,0,0
10394:0,0,0,0,0,0,0,0,0,0,0,0,0,0
10396:0,0,0,0,0,0,0,0,0,0,0,0,0,0
10398:0,0,0,0,0,0,0,0,0,0,0,0,0,0
10400:0,0,0,0,0,0,0,0,0,0,0,0,0,0
10402:0,0,0,0,0,0,0,0,0,0,0,0,0,0
10404:0,0,0,0,0,0,0,0,0,0,0,0,0,0
10406:0,0,0,0,0,0,0,0,0,0,0,0,0,0
10408:0,0,0,0,0,0,0,0,0,0,0,0,0,0
10410:0,0,0,0,0,0,0,0,0,0,0,0,0,0
10412:0,0,0,0,0,0,0,0,0,0,0,0,0,0
10414:0,0,0,0,0,0,0,0,0,0,0,0,0,0
10416:0,0,0,0,0,0,0,0,0,0,0,0,0,0
10418:0,0,0,0,0,0,0,0,0,0,0,0,0,0
10420:0,0,0,0,0,0,0,0,0,0,0,0,0,0
10422:0,0,0,0,0,0,0,0,0,0,0,0,0,0
10424:0,0,0,0,0,0,0,0,0,0,0,0,0,0
10426:0,0,0,0,0,0,0,0,0,0,0,0,0,0
10428:0,0,0,0,0,0,0,0,0,0,0,0,0,0
10430:0,0,0,0,0,0,0,0,0,0,0,0,0,0
10432:0,0,0,0,0,0,0,0,0,0,0,0,0,0
10434:0,0,0,0,0,0,0,0,0,0,0,0,0,0
10436:0,0,0,0,0,0,0,0,0,0,0,0,0,0
10438:0,0,0,0,0,0,0,0,0,0,0,0,0,0
10440:7,-1,25,10,0,2,3,1,10,0,32,0,0,6
10442:7,-1,25,10,0,2,3,1,10,0,32,0,0,6
10444:7,-1,25,10,0,2,3,1,10,0,32,0,0,6
10446:0,0,0,1,0,3,3,3,3,3,0,0,0,3
10448:0,0,0,1,0,3,3,3,3,3,0,0,0,3
10450:0,0,0,1,0,3,3,3,3,3,0,0,0,3
10452:0,0,0,4,0,0,0,0,4,0,0,0,0,5
10454:0,0,0,4,0,0,0,0,4,0,0,0,0,5
10456:0,0,0,4,0,0,0,0,4,0,0,0,0,5
10458:0,0,0,4,0,0,0,0,4,0,0,0,0,4
10460:0,0,0,4,0,0,0,0,4,0,0,0,0,4
10462:0,0,0,4,0,0,0,0,4,0,0,0,0,4
10464:0,0,0,4,0,0,0,0,4,0,0,0,0,4
10466:0,0,0,4,0,0,0,0,4,0,0,0,0,4
10468:0,0,0,4,0,0,0,0,4,0,0,0,0,4
10470:0,0,0,2,0,0,0,0,2,0,0,0,0,10
10472:0,0,0,2,0,0,0,0,2,0,0,0,0,10
10474:0,0,0,2,0,0,0,0,2,0,0,0,0,10
10484:0,0,0,0,0,0,0,0,0,0,0,0,0,0
10485:0,0,0,0,0,0,0,0,0,0,0,0,0,0
10487:-100,-100,-50,0,0,0,0,0,0,0,-10,0,0,0
10488:0,0,0,0,0,0,0,0,0,0,0,0,0,0
10491:-2,12,10,0,0,0,1,0,0,0,13,0,0,2
10498:0,0,0,0,2,0,0,0,2,0,0,0,0,0
10499:0,0,0,0,4,0,1,0,4,0,0,0,0,0
10500:0,0,0,0,0,0,0,0,0,0,0,0,0,0
10501:0,0,0,0,10,0,0,0,0,0,0,1,0,0
10507:0,0,0,0,0,0,0,0,0,0,0,0,0,0
10547:-5,-5,-5,7,-5,6,8,10,8,0,0,0,0,0
10548:5,5,5,-7,-7,30,32,28,-3,28,0,0,0,0
10549:0,0,0,0,0,30,32,27,1,30,0,0,0,0
10550:-5,-5,-5,-5,7,7,10,11,5,9,0,0,0,0
10551:0,0,0,-30,0,66,85,62,-6,67,4,0,0,0
10552:0,0,0,-3,-1,12,13,14,0,0,2,0,0,0
10553:0,0,0,0,0,0,3,4,0,2,4,0,0,0
10554:0,0,0,0,0,0,3,4,0,2,4,0,0,0
10555:0,0,0,-10,16,26,21,28,19,27,0,0,0,0
10556:0,0,0,0,0,0,0,0,0,0,0,0,0,0
10557:0,0,0,0,0,0,0,0,0,0,0,0,0,0
10558:0,0,0,0,0,0,0,0,0,0,0,0,0,0
10559:0,0,0,0,0,0,0,0,0,0,0,0,0,0
10564:0,0,0,-22,-5,87,84,79,-6,97,0,0,0,0
10566:1,1,1,1,1,11,11,11,11,11,4,0,0,2
10567:0,0,0,0,0,0,0,0,0,0,0,0,0,0
10569:0,0,0,0,0,0,0,0,0,0,0,0,0,0
10571:0,0,0,0,0,0,0,0,0,0,0,0,0,0
10573:0,0,0,0,0,0,0,0,0,0,0,0,0,0
10575:0,0,0,0,0,0,0,0,0,0,0,0,0,0
10577:0,0,0,0,0,0,0,0,0,0,0,0,0,0
10579:0,0,0,0,0,0,0,0,0,0,0,0,0,0
10581:40,20,-10,2,0,0,0,0,2,0,30,0,0,2
10582:40,20,-10,2,0,0,0,0,2,0,30,0,0,2
10583:40,20,-10,2,0,0,0,0,2,0,30,0,0,2
10584:40,20,-10,2,0,0,0,0,2,0,30,0,0,2
10588:0,0,0,0,0,3,3,3,0,0,0,0,0,3
10589:0,0,0,-9,-7,31,33,29,-1,39,0,0,0,0
10601:0,0,0,4,0,0,0,0,4,0,0,0,0,0
10602:0,0,0,4,0,0,0,0,4,0,0,0,0,0
10603:0,0,0,4,0,0,0,0,4,0,0,0,0,0
10604:0,0,0,2,-2,10,9,11,3,0,0,0,0,0
10605:0,0,0,22,0,0,0,0,22,0,0,0,0,0
10606:0,0,0,3,-2,10,9,11,3,0,0,0,0,0
10607:0,0,0,2,0,0,0,0,2,0,0,0,0,0
10608:0,0,0,3,-5,3,3,3,3,-5,0,0,0,0
10609:0,0,0,3,-2,8,7,10,2,0,0,0,0,0
10610:0,0,0,-30,-10,32,31,24,-6,31,0,0,0,0
10611:0,0,0,0,0,40,40,40,40,40,0,0,0,0
10612:0,0,0,0,0,5,5,5,5,5,0,0,0,0
10613:0,0,0,-6,-2,30,32,27,-1,30,0,0,0,0
10614:-6,-6,-6,-6,6,6,6,6,6,0,0,0,0,0
10615:0,0,0,0,0,0,0,0,0,0,0,0,0,0
10616:0,0,0,0,0,0,0,0,0,0,0,0,0,0
10617:0,0,0,0,0,0,0,0,0,0,0,0,0,0
10618:0,0,0,-30,-10,41,40,30,-6,40,0,0,0,1
10619:0,0,0,-30,-10,46,44,38,-6,44,0,0,0,6
10620:0,0,0,-30,-10,65,63,55,-6,63,0,0,0,8
10621:0,0,0,0,0,0,0,0,0,0,0,0,0,0
10622:0,0,0,0,0,10,15,19,0,12,0,0,0,0
10623:0,0,0,0,0,10,15,19,0,12,0,0,0,0
10624:0,0,0,0,0,10,15,19,0,12,0,0,0,0
10625:0,0,0,0,0,10,15,19,0,12,0,0,0,0
10626:0,0,0,0,0,10,15,19,0,12,0,0,0,0
10627:0,0,0,0,0,10,15,19,0,12,0,0,0,0
10628:0,0,0,0,0,10,15,19,0,12,0,0,0,0
10629:0,0,0,0,0,0,0,0,0,0,0,0,0,0
10630:0,0,0,0,0,0,0,0,0,0,0,0,0,0
10631:0,0,0,0,0,0,0,0,0,0,0,0,0,0
10632:0,0,0,0,0,0,0,0,0,0,0,0,0,0
10633:0,0,0,0,0,0,0,0,0,0,0,0,0,0
10634:0,0,0,0,0,0,0,0,0,0,0,0,0,5
10635:0,0,0,0,0,7,7,7,7,7,0,0,0,0
10636:0,0,0,0,0,9,9,9,9,9,0,0,0,0
10637:1,1,1,1,1,11,11,11,11,11,4,0,0,2
10638:0,0,0,0,0,0,1,1,0,2,0,0,0,0
10639:0,0,0,0,0,9,9,9,9,9,0,0,0,0
10640:0,0,0,0,0,9,9,9,9,9,0,0,0,0
10641:0,0,0,0,0,9,9,9,9,9,0,0,0,0
10642:0,0,0,0,0,9,9,9,9,9,0,0,0,0
10643:0,0,0,0,0,9,9,9,9,9,0,0,0,0
10644:0,0,0,0,0,9,9,9,9,9,0,0,0,0
10645:0,0,0,0,0,9,9,9,9,9,0,0,0,0
10646:0,0,0,0,0,9,9,9,9,9,0,0,0,0
10647:0,0,0,0,0,9,9,9,9,9,0,0,0,0
10648:0,0,0,0,0,9,9,9,9,9,0,0,0,0
10649:0,0,0,0,0,9,9,9,9,9,0,0,0,0
10650:0,0,0,0,0,9,9,9,9,9,0,0,0,0
10651:0,0,0,0,0,9,9,9,9,9,0,0,0,0
10652:0,0,0,0,0,9,9,9,9,9,0,0,0,0
10653:0,0,0,0,0,9,9,9,9,9,0,0,0,0
10654:0,0,0,0,0,9,9,9,9,9,0,0,0,0
10655:0,0,0,0,0,9,9,9,9,9,0,0,0,0
10656:0,0,0,0,0,9,9,9,9,9,0,0,0,0
10657:0,0,0,0,0,9,9,9,9,9,0,0,0,0
10658:0,0,0,0,0,9,9,9,9,9,0,0,0,0
10659:0,0,0,0,0,9,9,9,9,9,0,0,0,0
10660:0,0,0,0,0,9,9,9,9,9,0,0,0,0
10661:0,0,0,0,0,9,9,9,9,9,0,0,0,0
10662:0,0,0,0,0,9,9,9,9,9,0,0,0,0
10663:0,0,0,0,0,0,1,1,0,2,0,0,0,0
10664:0,0,0,0,0,0,1,1,0,2,0,0,0,0
10665:0,0,0,-8,-2,17,19,18,-1,18,0,0,0,0
10666:0,0,0,-8,-2,27,31,29,-1,29,0,0,0,0
10667:0,0,0,-8,-2,44,48,46,-1,46,0,0,0,0
10668:0,0,0,-8,-2,17,19,18,-1,18,0,0,0,0
10669:0,0,0,-8,-2,27,31,29,-1,29,0,0,0,0
10670:0,0,0,-8,-2,44,48,46,-1,46,0,0,0,0
10671:0,0,0,-8,-2,17,19,18,-1,18,0,0,0,0
10672:0,0,0,-8,-2,27,31,29,-1,29,0,0,0,0
10673:0,0,0,-8,-2,44,48,46,-1,46,0,0,0,0
10674:0,0,0,-8,-2,17,19,18,-1,18,0,0,0,0
10675:0,0,0,-8,-2,27,31,29,-1,29,0,0,0,0
10676:0,0,0,-8,-2,44,48,46,-1,46,0,0,0,0
10677:0,0,0,-8,-2,17,19,18,-1,18,0,0,0,0
10678:0,0,0,-8,-2,27,31,29,-1,29,0,0,0,0
10679:0,0,0,-8,-2,44,48,46,-1,46,0,0,0,0
10680:0,0,0,-4,8,18,25,22,8,25,0,0,0,0
10681:0,0,0,-4,8,18,25,22,8,25,0,0,0,0
10682:0,0,0,-15,15,40,32,45,20,40,0,0,0,0
10683:0,0,0,-15,15,40,32,45,20,40,0,0,0,0
10684:0,0,0,-15,20,45,37,50,30,45,0,0,0,0
10685:0,0,0,-15,20,45,37,50,30,45,0,0,0,0
10686:0,0,0,3,0,0,0,0,3,0,0,0,0,0
10687:0,0,0,3,0,0,0,0,3,0,0,0,0,0
10688:0,0,0,20,0,0,0,0,20,0,0,0,0,0
10689:0,0,0,4,0,0,0,0,4,0,0,0,0,0
10690:0,0,0,-30,-10,41,40,30,-6,40,0,0,0,0
10691:0,0,0,-30,-10,41,40,30,-6,40,0,0,0,0
10692:0,0,0,0,0,0,0,0,0,0,0,0,0,0
10693:0,0,0,0,0,0,0,0,0,0,0,0,0,0
10694:0,0,0,0,0,0,0,0,0,0,0,0,0,0
10695:0,0,0,0,0,0,0,0,0,0,0,0,0,0
10696:0,0,0,-10,8,2,3,4,2,0,0,0,0,0
10697:0,0,0,-30,-10,65,63,55,-6,63,0,0,0,0
10698:0,0,0,-30,-10,65,63,55,-6,63,0,0,0,0
10699:0,0,0,-6,-2,12,13,10,-1,12,0,0,0,0
10700:0,0,0,-6,-2,12,13,10,-1,12,0,0,0,0
10701:0,0,0,-6,-2,12,13,10,-1,12,0,0,0,0
10702:0,0,0,-6,-2,12,13,10,-1,12,0,0,0,0
10703:0,0,0,-6,-2,12,13,10,-1,12,0,0,0,0
10704:0,0,0,-6,-2,30,32,27,-1,30,0,0,0,0
10705:0,0,0,-6,-2,30,32,27,-1,30,0,0,0,0
10706:0,0,0,-6,-2,30,32,27,-1,30,0,0,0,0
10707:0,0,0,-6,-2,30,32,27,-1,30,0,0,0,0
10708:0,0,0,-6,-2,30,32,27,-1,30,0,0,0,0
10709:0,0,0,-6,-2,19,21,16,-1,19,0,0,0,0
10710:0,0,0,-6,-2,19,21,16,-1,19,0,0,0,0
10711:0,0,0,-6,-2,19,21,16,-1,19,0,0,0,0
10712:0,0,0,-6,-2,19,21,16,-1,19,0,0,0,0
10713:0,0,0,-6,-2,19,21,16,-1,19,0,0,0,0
10714:0,0,0,0,0,0,0,0,0,0,0,0,0,0
10715:0,0,0,0,0,0,0,0,0,0,0,0,0,0
10716:0,0,0,0,0,0,0,0,0,0,0,0,0,0
10717:0,0,0,0,0,0,0,0,0,0,0,0,0,0
10718:0,0,0,0,0,0,0,0,0,0,0,0,0,0
10719:10,10,10,10,10,3,3,3,3,3,6,0,0,3
10720:0,0,0,10,0,1,1,2,10,0,0,0,0,0
10721:0,0,0,0,0,0,0,0,0,0,0,0,0,0
10723:0,0,0,0,0,0,0,0,0,0,0,0,0,0
10724:0,0,0,0,0,0,0,0,0,0,0,0,0,0
10725:0,0,0,0,0,0,0,0,0,0,0,0,0,0
10726:0,0,0,0,0,0,0,0,0,0,0,0,0,0
10727:0,0,0,0,0,0,0,0,0,0,0,0,0,0
10728:0,0,0,0,0,0,0,0,0,0,0,0,0,0
10732:-100,-100,-50,0,0,0,0,0,0,0,-10,0,0,0
10734:0,0,0,0,0,0,0,0,0,0,0,0,0,0
10735:3,8,3,0,0,0,3,1,0,0,10,0,0,0
10736:0,0,0,0,0,0,0,0,0,0,10,0,0,0
10738:0,0,0,10,0,0,0,0,0,0,0,0,0,0
10740:0,0,0,0,0,0,0,0,0,0,0,0,0,0
10742:0,0,0,0,0,0,0,0,0,0,0,0,0,0
10744:0,0,0,0,0,0,0,0,0,0,0,0,0,0
10746:0,0,0,0,0,0,0,0,0,0,0,0,0,0
10748:0,0,0,0,0,0,0,0,0,0,0,0,0,0
10750:0,0,0,0,0,0,0,0,0,0,0,0,0,0
10752:0,0,0,0,0,0,0,0,0,0,0,0,0,0
10754:0,0,0,0,0,0,0,0,0,0,0,0,0,0
10756:0,0,0,0,0,0,0,0,0,0,0,0,0,0
10758:0,0,0,0,0,0,0,0,0,0,0,0,0,0
10760:0,0,0,0,0,0,0,0,0,0,0,0,0,0
10762:0,0,0,0,0,0,0,0,0,0,0,0,0,0
10764:0,0,0,0,0,0,0,0,0,0,0,0,0,0
10766:0,0,0,0,0,0,0,0,0,0,0,0,0,0
10768:0,0,0,0,0,0,0,0,0,0,0,0,0,0
10770:0,0,0,0,0,0,0,0,0,0,0,0,0,0
10772:0,0,0,0,0,0,0,0,0,0,0,0,0,0
10774:0,0,0,0,0,0,0,0,0,0,0,0,0,0
10776:0,0,0,-30,-10,82,80,72,-6,80,0,0,0,0
10778:0,0,0,-30,-10,82,80,72,-6,80,0,0,0,0
10780:0,0,0,-30,-10,82,80,72,-6,80,0,0,0,0
10782:0,0,0,-30,-10,82,80,72,-6,80,0,0,0,0
10784:0,0,0,4,0,0,0,0,4,0,0,0,0,4
10786:0,0,0,4,0,0,0,0,4,0,0,0,0,4
10788:0,0,0,4,0,0,0,0,4,0,0,0,0,4
10790:0,0,0,-15,30,55,47,60,50,55,0,0,0,0
10792:0,0,0,-15,30,55,47,60,50,55,0,0,0,0
10794:0,0,0,-15,30,55,47,60,50,55,0,0,0,0
10796:0,0,0,-10,8,4,6,8,4,4,0,0,0,0
10798:0,0,0,-30,-10,82,80,72,-6,80,0,0,0,0
10800:0,0,0,-30,-10,82,80,72,-6,80,0,0,0,0
10802:0,0,0,0,0,0,0,0,0,0,0,0,0,0
10804:0,0,0,0,0,0,0,0,0,0,0,0,0,0
10806:0,0,0,0,0,0,0,0,0,0,0,0,0,0
10810:0,0,0,0,0,0,0,0,0,0,0,0,0,0
10822:0,0,0,-5,0,25,20,15,-2,25,0,0,0,0
10824:0,0,0,-5,10,25,20,15,-2,10,0,0,0,0
10826:0,0,0,-10,-10,17,17,31,-4,33,0,0,0,0
10828:0,0,0,0,0,31,29,34,3,30,3,0,0,3
10836:0,0,0,0,0,0,0,0,5,-5,0,0,0,0
10837:0,0,0,0,0,0,0,0,5,-5,0,0,0,0
10838:0,0,0,0,0,0,0,0,5,-5,0,0,0,0
10839:0,0,0,0,0,0,0,0,5,-5,0,0,0,0
10840:0,0,0,0,0,0,0,0,5,-5,0,0,0,0
10858:-4,27,21,4,0,0,0,0,4,-1,26,0,0,0
10862:0,0,0,0,0,0,0,0,0,0,0,0,0,0
10863:0,0,0,0,0,0,0,0,0,0,0,0,0,0
10864:0,0,0,0,0,0,0,0,0,0,0,0,0,0
10865:0,0,0,0,0,0,0,0,0,0,0,0,0,0
10877:0,0,0,0,0,0,0,0,0,0,0,0,0,0
10878:0,0,0,0,0,0,0,0,0,0,0,0,0,0
10879:0,0,0,0,0,0,0,0,0,0,0,0,0,0
10880:0,0,0,0,0,0,0,0,0,0,0,0,0,0
10881:0,0,0,0,0,0,0,0,0,0,0,0,0,0
10882:0,0,0,0,0,0,0,0,0,0,0,0,0,0
10883:0,0,0,0,0,0,0,0,0,0,0,0,0,0
10887:-2,10,92,0,0,0,0,0,0,0,100,0,0,0
10933:0,0,0,0,0,0,0,0,0,0,0,0,0,0
10939:0,0,0,0,0,0,0,0,0,0,0,0,0,0
10940:0,0,0,0,0,0,0,0,0,0,0,0,0,0
10941:0,0,0,0,0,0,0,0,0,0,0,0,0,0
10945:0,0,0,0,0,0,0,0,0,0,0,0,0,0
10954:0,0,0,-5,10,23,26,30,15,32,0,0,0,0
10956:0,0,0,-5,2,7,7,9,4,9,0,0,0,0
10958:0,0,0,-8,2,1,1,1,0,1,0,0,0,0
11012:0,0,0,0,0,0,0,0,0,0,0,0,0,0
11013:0,0,0,0,0,0,0,0,0,0,0,0,0,0
11014:0,0,0,2,0,0,0,0,1,0,0,0,0,0
11015:0,0,0,0,0,0,0,0,0,0,0,0,0,0
11016:0,0,0,0,0,0,0,0,0,0,0,0,0,0
11017:0,0,0,0,0,0,0,0,0,0,0,0,0,0
11018:0,0,0,0,0,0,0,0,0,0,0,0,0,0
11019:0,0,0,0,0,0,0,0,0,0,0,0,0,0
11020:0,0,0,0,0,0,0,0,0,0,0,0,0,0
11021:0,0,0,0,0,0,0,0,0,0,0,0,0,0
11022:0,0,0,0,0,0,0,0,0,0,0,0,0,0
11027:0,0,0,0,0,0,0,0,0,0,0,0,0,0
11028:0,0,0,0,0,0,0,0,0,0,0,0,0,0
11029:0,0,0,0,0,0,0,0,0,0,0,0,0,0
11030:0,0,0,0,0,0,0,0,0,0,0,0,0,0
11037:7,47,-2,0,0,0,0,0,0,0,46,0,0,0
11061:10,-2,16,0,0,0,0,0,0,0,14,0,0,3
11063:0,0,0,0,0,0,0,0,0,0,0,0,0,0
11068:0,0,0,0,0,0,0,0,0,0,0,0,0,0
11069:0,0,0,0,0,0,0,0,0,0,0,0,0,0
11071:0,0,0,0,0,0,0,0,0,0,0,0,0,0
11072:0,0,0,0,0,0,0,0,0,0,0,0,0,0
11074:0,0,0,0,0,0,0,0,0,0,0,0,0,0
11076:0,0,0,0,0,0,0,0,0,0,0,0,0,0
11078:0,0,0,0,0,0,0,0,0,0,0,0,0,0
11079:0,0,0,0,0,0,0,0,0,0,0,0,0,0
11081:0,0,0,0,0,0,0,0,0,0,0,0,0,0
11083:0,0,0,0,0,0,0,0,0,0,0,0,0,0
11085:0,0,0,0,0,0,0,0,0,0,0,0,0,0
11087:0,0,0,0,0,0,0,0,0,0,0,0,0,0
11088:0,0,0,0,0,0,0,0,0,0,0,0,0,0
11090:0,0,0,0,0,0,0,0,0,0,0,0,0,0
11092:0,0,0,0,0,0,0,0,0,0,0,0,0,0
11094:0,0,0,0,0,0,0,0,0,0,0,0,0,0
11095:0,0,0,0,0,0,0,0,0,0,0,0,0,0
11097:0,0,0,0,0,0,0,0,0,0,0,0,0,0
11099:0,0,0,0,0,0,0,0,0,0,0,0,0,0
11101:0,0,0,0,0,0,0,0,0,0,0,0,0,0
11103:0,0,0,0,0,0,0,0,0,0,0,0,0,0
11105:0,0,0,0,0,0,0,0,0,0,0,0,0,0
11107:0,0,0,0,0,0,0,0,0,0,0,0,0,0
11109:0,0,0,0,0,0,0,0,0,0,0,0,0,0
11111:0,0,0,0,0,0,0,0,0,0,0,0,0,0
11113:0,0,0,0,0,0,0,0,0,0,0,0,0,0
11115:0,0,0,0,0,0,0,0,0,0,0,0,0,0
11117:0,0,0,0,0,0,0,0,0,0,0,0,0,0
11118:7,7,7,3,7,5,5,5,3,5,6,0,0,0
11120:7,7,7,3,7,5,5,5,3,5,6,0,0,0
11122:7,7,7,3,7,5,5,5,3,5,6,0,0,0
11124:7,7,7,3,7,5,5,5,3,5,6,0,0,0
11126:7,7,7,3,7,5,5,5,3,5,6,0,0,0
11128:-10,-10,-10,0,0,-20,-20,-20,-20,-20,7,0,0,3
11130:0,0,0,0,0,0,0,0,0,0,0,0,0,0
11132:0,0,0,0,0,0,0,0,0,0,0,0,0,0
11133:8,8,8,3,7,6,6,6,3,6,7,0,0,0
11135:0,0,0,0,0,0,0,0,0,0,0,0,0,0
11136:1,1,1,1,1,1,1,1,1,1,1,0,0,0
11138:1,1,1,1,1,1,1,1,1,1,1,0,0,0
11140:1,1,1,1,1,1,1,1,1,1,1,0,0,0
11165:0,0,0,0,6,0,0,0,0,0,0,0,0,0
11167:0,0,0,0,6,0,0,0,0,0,0,0,0,0
11190:0,0,0,0,0,0,0,0,0,0,0,0,0,0
11191:0,0,0,0,0,0,0,0,0,0,0,0,0,0
11192:0,0,0,0,0,0,0,0,0,0,0,0,0,0
11193:0,0,0,0,0,0,0,0,0,0,0,0,0,0
11194:0,0,0,0,0,0,0,0,0,0,0,0,0,0
11195:0,0,0,0,0,0,0,0,0,0,0,0,0,0
11200:0,0,6,-2,-2,27,28,31,5,24,0,0,0,0
11204:0,0,0,0,0,0,0,0,0,0,0,0,0,0
11212:0,0,0,0,0,0,0,0,0,0,0,60,0,0
11217:0,0,0,0,0,0,0,0,0,0,0,60,0,0
11222:0,0,0,0,0,0,0,0,0,0,0,60,0,0
11227:0,0,0,0,0,0,0,0,0,0,0,60,0,0
11228:0,0,0,0,0,0,0,0,0,0,0,60,0,0
11229:0,0,0,0,0,0,0,0,0,0,0,60,0,0
11230:0,0,0,0,18,0,0,0,0,0,0,20,0,0
11231:0,0,0,0,18,0,0,0,0,0,0,20,0,0
11233:0,0,0,0,18,0,0,0,0,0,0,20,0,0
11234:0,0,0,0,18,0,0,0,0,0,0,20,0,0
11235:0,0,0,0,95,0,0,0,0,0,0,0,0,0
11259:0,0,0,0,0,0,0,0,0,0,0,0,0,0
11274:0,0,0,0,0,0,2,2,0,0,0,0,0,0
11277:0,0,0,0,0,0,0,0,0,0,0,0,0,0
11278:0,0,0,0,0,0,0,0,0,0,0,0,0,0
11279:0,0,0,0,0,0,0,0,0,0,0,0,0,0
11280:0,0,0,0,0,0,0,0,0,0,0,0,0,0
11282:0,0,0,0,0,0,0,0,0,0,0,0,0,0
11283:0,0,0,-10,-5,20,25,22,10,22,7,0,0,0
11284:0,0,0,-10,-5,20,25,22,10,22,7,0,0,0
11335:0,0,0,-6,-2,45,48,41,-1,46,0,0,0,0
11367:5,5,5,0,0,-1,-1,-1,0,-1,6,0,0,0
11369:8,8,8,0,0,-2,-2,-2,0,-2,10,0,0,0
11371:12,12,12,0,0,-3,-3,-3,0,-3,12,0,0,0
11373:17,17,17,0,0,-5,-5,-4,0,-5,18,0,0,0
11375:24,24,24,0,0,-6,-7,-5,0,-6,28,0,0,0
11377:36,36,36,0,0,-10,-10,-9,0,-10,42,0,0,0
11379:5,5,5,0,0,-1,-1,-1,0,-1,6,0,0,0
11381:5,5,5,0,0,-1,-1,-1,0,-1,6,0,0,0
11382:5,5,5,0,0,-1,-1,-1,0,-1,6,0,0,0
11384:5,5,5,0,0,-1,-1,-1,0,-1,6,0,0,0
11386:8,8,8,0,0,-2,-2,-2,0,-2,10,0,0,0
11388:8,8,8,0,0,-2,-2,-2,0,-2,10,0,0,0
11389:8,8,8,0,0,-2,-2,-2,0,-2,10,0,0,0
11391:8,8,8,0,0,-2,-2,-2,0,-2,10,0,0,0
11393:12,12,12,0,0,-3,-3,-3,0,-3,12,0,0,0
11395:12,12,12,0,0,-3,-3,-3,0,-3,12,0,0,0
11396:12,12,12,0,0,-3,-3,-3,0,-3,12,0,0,0
11398:12,12,12,0,0,-3,-3,-3,0,-3,12,0,0,0
11400:17,17,17,0,0,-5,-5,-4,0,-5,18,0,0,0
11402:17,17,17,0,0,-5,-5,-4,0,-5,18,0,0,0
11403:17,17,17,0,0,-5,-5,-4,0,-5,18,0,0,0
11405:17,17,17,0,0,-5,-5,-4,0,-5,18,0,0,0
11407:24,24,24,0,0,-6,-7,-5,0,-6,28,0,0,0
11409:24,24,24,0,0,-6,-7,-5,0,-6,28,0,0,0
11410:24,24,24,0,0,-6,-7,-5,0,-6,28,0,0,0
11412:24,24,24,0,0,-6,-7,-5,0,-6,28,0,0,0
11414:36,36,36,0,0,-10,-10,-9,0,-10,42,0,0,0
11416:36,36,36,0,0,-10,-10,-9,0,-10,42,0,0,0
11417:36,36,36,0,0,-10,-10,-9,0,-10,42,0,0,0
11419:36,36,36,0,0,-10,-10,-9,0,-10,42,0,0,0
11663:0,0,0,0,0,6,6,6,6,6,0,0,0,0
11664:0,0,0,0,0,6,6,6,6,6,0,0,0,0
11665:0,0,0,0,0,6,6,6,6,6,0,0,0,0
11666:0,0,0,0,0,1,1,1,1,1,0,0,0,0
11667:0,0,0,0,0,1,1,1,1,1,0,0,0,0
11668:0,0,0,0,0,1,1,1,1,1,0,0,0,0
11669:0,0,0,0,0,1,1,1,1,1,0,0,0,0
11670:0,0,0,0,0,1,1,1,1,1,0,0,0,0
11671:0,0,0,0,0,1,1,1,1,1,0,0,0,0
11672:0,0,0,0,0,1,1,1,1,1,0,0,0,0
11673:0,0,0,0,0,1,1,1,1,1,0,0,0,0
11674:0,0,0,0,0,6,6,6,6,6,0,0,0,0
11675:0,0,0,0,0,6,6,6,6,6,0,0,0,0
11676:0,0,0,0,0,6,6,6,6,6,0,0,0,0
11770:0,0,0,8,0,0,0,0,8,0,0,0,0,0
11771:0,0,0,0,8,0,0,0,0,8,0,0,0,0
11773:0,0,0,0,0,0,0,8,0,0,8,0,0,0
11785:0,0,0,0,100,0,0,0,0,0,0,0,0,1
11791:55,70,0,17,0,0,3,3,17,0,72,0,15,0
12006:0,90,0,0,0,0,0,0,0,0,86,0,0,0
12809:0,100,60,0,0,0,0,0,0,0,88,0,0,2
11802:0,132,80,0,0,0,0,0,0,0,132,0,0,8
11804:0,132,80,0,0,0,0,0,0,0,132,0,0,8
11806:0,132,80,0,0,0,0,0,0,0,132,0,0,8
11808:0,132,80,0,0,0,0,0,0,0,132,0,0,8
11824:85,65,65,0,0,13,13,12,0,13,75,0,0,2
11826:-5,-5,-5,-5,10,6,6,10,10,8,0,0,0,1
11828:-7,-7,-7,-15,33,56,48,61,70,57,0,0,0,1
11830:-6,-6,-6,-10,20,32,26,34,40,33,0,0,0,1
11832:0,0,0,-15,-10,98,93,105,-6,133,4,0,0,1
11834:0,0,0,-21,-7,71,63,66,-4,93,2,0,0,1
11836:0,0,0,-5,-3,17,18,19,0,15,0,0,0,1
11838:0,82,60,0,0,0,0,0,0,0,82,0,0,2
11840:0,0,0,-3,-1,16,17,18,0,0,4,0,0,0
11864:0,0,0,-6,-2,30,32,27,-1,30,0,0,0,0
11865:0,0,0,3,3,30,32,27,10,30,0,0,0,0
11875:0,0,0,0,0,0,0,0,0,0,0,100,0,0
11889:85,65,65,0,0,13,13,12,0,13,75,0,0,2
11902:67,62,0,0,0,0,0,0,0,0,50,0,0,0
11905:0,0,0,15,0,2,3,1,15,0,0,0,0,0
11907:0,0,0,15,0,2,3,1,15,0,0,0,0,0
11908:0,0,0,15,0,2,3,1,15,0,0,0,0,0
11920:38,-2,32,0,0,0,1,0,0,0,42,0,0,0
11924:-8,-8,-8,12,-12,50,52,48,15,0,0,0,0,0
11926:-12,-12,-12,-8,12,0,0,0,24,52,0,0,0,0
11959:0,0,0,0,80,0,0,0,0,0,0,30,0,0
11964:10,10,10,10,10,3,3,3,3,3,6,0,0,3
11966:10,10,10,10,10,3,3,3,3,3,6,0,0,3
11972:7,7,7,3,7,5,5,5,3,5,6,0,0,0
11974:7,7,7,3,7,5,5,5,3,5,6,0,0,0
11976:10,10,10,10,10,3,3,3,3,3,6,0,0,3
11978:10,10,10,10,10,3,3,3,3,3,6,0,0,3
11998:7,-1,28,10,0,2,3,1,10,0,35,0,0,0
12000:10,-1,40,10,0,2,3,1,10,0,50,0,0,0
12002:0,0,0,12,0,0,0,0,0,0,0,0,10,2
12006:0,90,0,0,0,0,0,0,0,0,86,0,0,0
12017:0,0,0,0,0,3,3,3,0,0,0,0,0,3
12018:0,0,0,0,0,3,3,3,0,0,0,0,0,3
12193:0,0,0,4,0,0,0,0,4,0,0,0,0,6
12195:0,0,0,4,0,0,0,0,4,0,0,0,0,5
12197:0,0,0,1,0,3,3,3,3,3,0,0,0,3
12199:7,-1,25,10,0,2,3,1,10,0,32,0,0,6
12201:0,0,0,2,0,0,0,0,2,0,0,0,0,10
12203:0,0,0,4,0,0,0,0,4,0,0,0,0,5
12205:0,0,0,-30,-10,15,14,9,-6,14,0,0,0,0
12207:0,0,0,-21,-7,8,7,6,-4,7,0,0,0,0
12209:0,0,0,-21,-7,8,7,6,-4,7,0,0,0,0
12211:0,0,0,-6,-2,4,5,3,-1,4,0,0,0,0
12213:0,0,0,-8,-2,5,7,6,-1,6,0,0,0,0
12215:0,0,0,-30,-10,15,14,9,-6,14,0,0,0,0
12217:0,0,0,-21,-7,8,7,6,-4,7,0,0,0,0
12219:0,0,0,-21,-7,8,7,6,-4,7,0,0,0,0
12221:0,0,0,-6,-2,4,5,3,-1,4,0,0,0,0
12223:0,0,0,-8,-2,5,7,6,-1,6,0,0,0,0
12225:0,0,0,-30,-10,21,20,12,-6,20,0,0,0,0
12227:0,0,0,-21,-7,11,10,10,-4,10,0,0,0,0
12229:0,0,0,-21,-7,11,10,10,-4,10,0,0,0,0
12231:0,0,0,-6,-2,6,7,5,-1,6,0,0,0,0
12233:0,0,0,-8,-2,8,10,9,-1,9,0,0,0,0
12235:0,0,0,-30,-10,21,20,12,-6,20,0,0,0,0
12237:0,0,0,-21,-7,11,10,10,-4,10,0,0,0,0
12239:0,0,0,-21,-7,11,10,10,-4,10,0,0,0,0
12241:0,0,0,-6,-2,6,7,5,-1,6,0,0,0,0
12243:0,0,0,-8,-2,8,10,9,-1,9,0,0,0,0
12253:0,0,0,4,0,0,0,0,4,0,0,0,0,6
12255:0,0,0,4,0,0,0,0,4,0,0,0,0,5
12257:0,0,0,2,0,0,0,0,2,0,0,0,0,10
12259:0,0,0,4,0,0,0,0,4,0,0,0,0,5
12261:0,0,0,1,0,3,3,3,3,3,0,0,0,3
12263:7,-1,25,10,0,2,3,1,10,0,32,0,0,6
12265:0,0,0,4,0,0,0,0,4,0,0,0,0,6
12267:0,0,0,4,0,0,0,0,4,0,0,0,0,5
12269:0,0,0,2,0,0,0,0,2,0,0,0,0,10
12271:0,0,0,4,0,0,0,0,4,0,0,0,0,5
12273:0,0,0,1,0,3,3,3,3,3,0,0,0,3
12275:7,-1,25,10,0,2,3,1,10,0,32,0,0,6
12277:0,0,0,-30,-10,46,44,38,-6,44,0,0,0,0
12279:0,0,0,-21,-7,24,22,20,-4,22,0,0,0,0
12281:0,0,0,-8,-2,18,22,20,-1,20,0,0,0,0
12283:0,0,0,-6,-2,13,14,11,-1,13,0,0,0,0
12285:0,0,0,-21,-7,24,22,20,-4,22,0,0,0,0
12287:0,0,0,-30,-10,46,44,38,-6,44,0,0,0,0
12289:0,0,0,-21,-7,24,22,20,-4,22,0,0,0,0
12291:0,0,0,-8,-2,18,22,20,-1,20,0,0,0,0
12293:0,0,0,-6,-2,13,14,11,-1,13,0,0,0,0
12295:0,0,0,-21,-7,24,22,20,-4,22,0,0,0,0
12297:10,-2,8,0,0,0,1,0,0,0,11,0,0,0
12327:0,0,0,-15,25,50,42,55,40,50,0,0,0,0
12329:0,0,0,-10,14,28,22,30,20,28,0,0,0,0
12331:0,0,0,-15,25,50,42,55,40,50,0,0,0,0
12333:0,0,0,-10,14,28,22,30,20,28,0,0,0,0
12357:7,45,0,0,0,3,7,7,0,-3,40,0,0,0
12373:42,-2,60,0,0,0,0,0,0,0,55,0,0,5
12375:8,-2,16,0,0,0,0,0,0,0,13,0,0,2
12377:13,-2,25,0,0,0,0,0,0,0,23,0,0,3
12379:20,-2,39,0,0,0,0,0,0,0,36,0,0,4
12381:0,0,0,-15,30,55,47,60,50,55,0,0,0,0
12383:0,0,0,-10,17,33,25,33,28,31,0,0,0,0
12385:0,0,0,-15,30,55,47,60,50,55,0,0,0,0
12387:0,0,0,-10,17,33,25,33,28,31,0,0,0,0
12389:7,45,-2,0,0,0,1,0,0,0,44,0,0,0
12391:0,0,0,-3,-1,12,13,14,0,0,2,0,0,0
12414:0,0,0,-15,0,81,93,98,-3,82,0,0,0,0
12415:0,0,0,-21,-7,68,66,63,-4,65,0,0,0,0
12416:0,0,0,-21,-7,68,66,63,-4,65,0,0,0,0
12417:0,0,0,-6,-2,45,48,41,-1,46,0,0,0,0
12418:0,0,0,-6,-2,50,52,48,0,50,0,0,0,0
12419:0,0,0,6,0,0,0,0,6,0,0,0,0,0
12420:0,0,0,22,0,0,0,0,22,0,0,0,0,0
12421:0,0,0,17,0,0,0,0,17,0,0,0,0,0
12422:0,0,0,20,0,0,0,0,20,0,0,0,0,0
12424:0,0,0,0,80,0,0,0,0,0,0,0,0,0
12426:60,72,-2,0,0,0,3,2,0,0,75,0,0,0
12436:10,10,10,10,10,15,15,15,15,15,8,0,0,5
12437:0,0,0,0,0,9,9,9,9,9,0,0,0,5
12449:0,0,0,2,0,0,0,0,2,0,0,0,0,0
12451:0,0,0,2,0,0,0,0,2,0,0,0,0,0
12453:0,0,0,2,0,0,0,0,2,0,0,0,0,0
12455:0,0,0,2,0,0,0,0,2,0,0,0,0,0
12457:0,0,0,6,0,0,0,0,6,0,0,0,0,0
12458:0,0,0,22,0,0,0,0,22,0,0,0,0,0
12459:0,0,0,17,0,0,0,0,17,0,0,0,0,0
12460:0,0,0,-30,-10,82,80,72,-6,80,0,0,0,1
12462:0,0,0,-21,-7,51,49,47,-4,49,0,0,0,1
12464:0,0,0,-21,-7,51,49,47,-4,49,0,0,0,1
12466:0,0,0,-6,-2,30,32,27,-1,30,0,0,0,1
12468:0,0,0,-8,-2,44,48,46,-1,46,0,0,0,1
12470:0,0,0,-30,-10,82,80,72,-6,80,0,0,0,1
12472:0,0,0,-21,-7,51,49,47,-4,49,0,0,0,1
12474:0,0,0,-21,-7,51,49,47,-4,49,0,0,0,1
12476:0,0,0,-6,-2,30,32,27,-1,30,0,0,0,1
12478:0,0,0,-8,-2,44,48,46,-1,46,0,0,0,1
12480:0,0,0,-30,-10,82,80,72,-6,80,0,0,0,1
12482:0,0,0,-21,-7,51,49,47,-4,49,0,0,0,1
12484:0,0,0,-21,-7,51,49,47,-4,49,0,0,0,1
12486:0,0,0,-6,-2,30,32,27,-1,30,0,0,0,1
12488:0,0,0,-8,-2,44,48,46,-1,46,0,0,0,1
12490:0,0,0,-10,11,6,5,7,8,0,0,0,0,1
12492:0,0,0,-15,30,55,47,60,50,55,0,0,0,1
12494:0,0,0,-10,17,31,25,33,28,31,0,0,0,1
12496:0,0,0,-1,7,4,7,10,4,8,0,0,0,1
12498:0,0,0,-10,11,6,5,7,8,0,0,0,0,1
12500:0,0,0,-15,30,55,47,60,50,55,0,0,0,1
12502:0,0,0,-10,17,31,25,33,28,31,0,0,0,1
12504:0,0,0,-1,7,4,7,10,4,8,0,0,0,1
12506:0,0,0,-10,11,6,5,7,8,0,0,0,0,1
12508:0,0,0,-15,30,55,47,60,50,55,0,0,0,1
12510:0,0,0,-10,17,31,25,33,28,31,0,0,0,1
12512:0,0,0,-1,7,4,7,10,4,8,0,0,0,1
12596:0,0,0,-15,15,6,9,12,6,6,0,0,0,0
12598:0,0,0,0,0,0,0,0,0,0,0,0,0,3
12601:0,0,0,0,0,1,1,1,1,1,0,0,0,3
12603:0,0,4,0,0,0,0,4,0,0,0,0,0,0
12605:4,0,0,0,0,4,0,0,0,0,0,0,0,0
12608:0,0,0,0,0,0,0,0,0,0,2,0,0,5
12610:0,0,0,0,10,0,0,0,0,0,0,0,0,5
12612:0,0,0,10,0,0,0,0,0,0,0,0,0,5
12637:0,0,0,0,0,11,12,10,11,-1,0,0,0,3
12638:0,0,0,0,0,11,12,10,11,-1,0,0,0,3
12639:0,0,0,0,0,11,12,10,11,-1,0,0,0,3
12658:10,-1,40,10,0,2,3,1,10,0,50,0,0,0
12691:0,0,8,0,0,0,0,8,0,0,0,0,0,0
12692:8,0,0,0,0,8,0,0,0,0,0,0,0,0
12765:0,0,0,0,95,0,0,0,0,0,0,0,0,0
12766:0,0,0,0,95,0,0,0,0,0,0,0,0,0
12767:0,0,0,0,95,0,0,0,0,0,0,0,0,0
12768:0,0,0,0,95,0,0,0,0,0,0,0,0,0
12773:0,82,0,0,0,0,0,0,0,0,82,0,0,0
12774:0,82,0,0,0,0,0,0,0,0,82,0,0,0
12788:0,0,0,0,75,0,0,0,0,0,0,0,0,0
12795:7,-1,28,10,0,2,3,1,10,0,35,0,0,0
12796:7,-1,40,10,0,2,3,1,10,0,50,0,0,0
12797:38,-2,32,0,0,0,1,0,0,0,42,0,0,0
12806:-8,-8,-8,12,-12,50,52,48,15,0,0,0,0,0
12807:-12,-12,-12,-8,12,0,0,0,24,52,0,0,0,0
12808:0,100,60,0,0,0,0,0,0,0,88,0,0,2
12809:0,100,60,0,0,0,0,0,0,0,88,0,0,2
12810:0,0,0,-6,-2,6,7,5,-1,6,0,0,0,0
12811:0,0,0,-30,-10,21,20,12,-6,20,0,0,0,0
12812:0,0,0,-21,-7,11,10,10,-4,10,0,0,0,0
12813:0,0,0,-6,-2,6,7,5,-1,6,0,0,0,0
12814:0,0,0,-30,-10,21,20,12,-6,20,0,0,0,0
12815:0,0,0,-21,-7,11,10,10,-4,10,0,0,0,0
12817:0,0,0,0,0,63,65,75,2,57,0,0,0,3
12821:0,0,0,0,0,53,55,73,30,52,0,0,0,3
12825:0,0,0,20,0,53,55,73,2,52,0,0,0,3
12829:0,0,0,0,0,39,41,50,1,45,0,0,0,1
12831:0,0,0,0,0,53,55,73,2,52,0,0,0,3
12848:0,0,81,0,0,0,0,0,0,0,79,0,0,0
12851:10,10,10,10,10,3,3,3,3,3,6,0,0,3
12853:10,10,10,10,10,3,3,3,3,3,6,0,0,3
12899:0,0,0,25,0,2,3,1,15,0,0,0,0,0
12900:0,0,0,25,0,2,3,1,15,0,0,0,0,0
12902:55,70,0,17,0,0,3,3,17,0,72,0,15,0
12904:55,70,0,25,0,0,3,3,17,0,72,0,15,0
12924:0,0,0,0,60,0,0,0,0,0,0,0,0,0
12926:0,0,0,0,60,0,0,0,0,0,0,40,0,0
12929:0,0,0,-5,-5,0,0,0,0,0,0,0,0,0
12931:0,0,0,-5,-5,52,55,58,0,50,5,0,0,0
12954:25,24,23,-3,-2,25,24,23,-3,-2,6,0,0,0
13068:0,0,0,0,0,9,9,9,9,9,0,0,0,0
13069:0,0,0,0,0,9,9,9,9,9,0,0,0,4
13072:0,0,0,0,0,45,45,45,45,45,0,0,0,3
13073:0,0,0,0,0,30,30,30,30,30,0,0,0,3
13074:7,-1,25,10,0,2,3,1,10,0,32,0,0,0
13075:7,-1,25,10,0,2,3,1,10,0,32,0,0,0
13076:7,-1,25,10,0,2,3,1,10,0,32,0,0,0
13077:7,-1,25,10,0,2,3,1,10,0,32,0,0,0
13078:7,-1,25,10,0,2,3,1,10,0,32,0,0,0
13080:85,110,0,-4,0,-1,4,5,0,0,118,0,0,0
13081:85,110,0,-4,0,-1,4,5,0,0,118,0,0,0
13082:85,110,0,-4,0,-1,4,5,0,0,118,0,0,0
13083:85,110,0,-4,0,-1,4,5,0,0,118,0,0,0
13084:85,110,0,-4,0,-1,4,5,0,0,118,0,0,0
13085:85,110,0,-4,0,-1,4,5,0,0,118,0,0,0
13086:85,110,0,-4,0,-1,4,5,0,0,118,0,0,0
13087:85,110,0,-4,0,-1,4,5,0,0,118,0,0,0
13088:85,110,0,-4,0,-1,4,5,0,0,118,0,0,0
13089:85,110,0,-4,0,-1,4,5,0,0,118,0,0,0
13090:85,110,0,-4,0,-1,4,5,0,0,118,0,0,0
13091:85,110,0,-4,0,-1,4,5,0,0,118,0,0,0
13092:85,110,0,-4,0,-1,4,5,0,0,118,0,0,0
13093:85,110,0,-4,0,-1,4,5,0,0,118,0,0,0
13094:85,110,0,-4,0,-1,4,5,0,0,118,0,0,0
13095:85,110,0,-4,0,-1,4,5,0,0,118,0,0,0
13096:85,110,0,-4,0,-1,4,5,0,0,118,0,0,0
13097:85,110,0,-4,0,-1,4,5,0,0,118,0,0,0
13098:85,110,0,-4,0,-1,4,5,0,0,118,0,0,0
13099:85,110,0,-4,0,-1,4,5,0,0,118,0,0,0
13100:85,110,0,-4,0,-1,4,5,0,0,118,0,0,0
13101:85,110,0,-4,0,-1,4,5,0,0,118,0,0,0
13103:1,1,1,1,1,1,1,1,1,1,1,0,0,0
13104:0,0,0,-30,-10,32,31,24,-6,31,0,0,0,0
13105:0,0,0,-30,-10,41,40,30,-6,40,0,0,0,0
13106:0,0,0,-30,-10,46,44,38,-6,44,0,0,0,0
13107:0,0,0,-30,-10,65,63,55,-6,63,0,0,0,0
13108:6,4,-2,0,0,0,2,1,0,0,7,0,0,0
13109:11,8,-2,0,0,0,2,1,0,0,12,0,0,0
13110:16,11,-2,0,0,0,2,1,0,0,17,0,0,0
13111:23,18,-2,0,0,0,2,1,0,0,24,0,0,0
13112:0,0,0,-21,-7,11,10,10,-4,10,0,0,0,0
13113:0,0,0,-21,-7,17,16,15,-4,16,0,0,0,0
13114:0,0,0,-21,-7,24,22,20,-4,22,0,0,0,0
13115:0,0,0,-21,-7,33,31,29,-4,31,0,0,0,0
13117:0,0,0,-8,-2,8,10,9,-1,9,0,0,0,1
13118:0,0,0,-8,-2,13,15,14,-1,14,0,0,0,3
13119:0,0,0,-8,-2,18,22,20,-1,20,0,0,0,4
13120:0,0,0,-8,-2,27,31,29,-1,29,0,0,0,5
13121:2,0,0,2,0,2,0,0,2,0,0,0,0,2
13122:4,0,0,4,0,4,0,0,4,0,0,0,0,4
13123:5,0,0,5,0,5,0,0,5,0,0,0,0,5
13124:6,0,0,6,0,6,0,0,6,0,0,0,0,6
13125:0,0,0,0,0,0,0,0,0,0,0,0,0,1
13126:0,0,0,0,0,0,0,0,0,0,0,0,0,1
13127:0,0,0,0,0,0,0,0,0,0,0,0,0,1
13128:0,0,0,0,0,0,0,0,0,0,0,0,0,1
13129:0,0,0,-3,-1,2,3,4,0,0,0,0,0,0
13130:0,0,0,-3,-1,5,6,7,0,0,0,0,0,0
13131:0,0,0,-3,-1,7,8,9,0,0,0,0,0,0
13132:0,0,0,1,1,10,11,12,0,0,1,0,0,0
13137:0,0,0,-3,-1,4,5,3,-1,4,0,0,0,0
13138:0,0,0,-3,-1,7,8,6,-1,7,0,0,0,0
13139:0,0,0,-3,-1,9,10,8,-1,9,0,0,0,0
13140:0,0,0,-3,-1,10,11,9,-1,10,0,0,0,0
13141:12,12,12,0,0,1,1,0,0,0,12,0,0,0
13142:15,15,15,0,0,1,1,0,0,0,16,0,0,0
13143:17,17,17,0,0,1,1,0,0,0,18,0,0,0
13144:24,24,24,0,0,1,1,0,0,0,28,0,0,0
13196:0,0,0,-5,-5,0,0,0,0,0,0,0,0,0
13197:0,0,0,-5,-5,52,55,58,0,50,5,0,0,0
13198:0,0,0,-5,-5,0,0,0,0,0,0,0,0,0
13199:0,0,0,-5,-5,52,55,58,0,50,5,0,0,0
13202:0,0,0,0,0,1,1,1,1,1,0,0,0,4
13221:0,0,0,0,0,9,9,9,9,9,0,0,0,0
13235:0,0,0,8,0,5,5,5,8,5,0,0,0,0
13237:0,0,0,-12,12,5,5,5,5,0,0,0,0,0
13239:2,2,2,-4,-1,22,22,22,0,0,5,0,0,0
13241:-2,38,32,0,0,0,1,0,0,0,42,0,0,0
13243:38,-2,32,0,0,0,1,0,0,0,42,0,0,0
13263:0,0,102,0,0,0,0,0,0,0,85,0,0,0
13265:75,40,-4,1,0,0,0,0,1,0,75,0,0,0